{
    "fl_x": 288.79533185185187,
    "fl_y": 288.17409950617287,
    "cx": 159.57902320987654,
    "cy": 121.46346469135801,
    "w": 320,
    "h": 240,
    "camera_angle_x": 1.011857219071672,
    "camera_angle_y": 0.7891532209744062,
    "aabb_scale": 4,
    "scale": 0.2,
    "offset": [
        0.5,
        0.5,
        0.5
    ],
    "frames": [
        {
            "file_path": "color_scaled/0.jpg",
            "transform_matrix": [
                [
                    -0.955421,
                    0.119616,
                    -0.269932,
                    2.65583
                ],
                [
                    0.295248,
                    0.388339,
                    -0.872939,
                    2.981598
                ],
                [
                    0.000408,
                    -0.91372,
                    -0.406343,
                    1.368648
                ],
                [
                    0.0,
                    0.0,
                    0.0,
                    1.0
                ]
            ]
        },
        {
            "file_path": "color_scaled/1.jpg",
            "transform_matrix": [
                [
                    -0.951595,
                    0.120375,
                    -0.282803,
                    2.655525
                ],
                [
                    0.307283,
                    0.392547,
                    -0.866882,
                    2.981353
                ],
                [
                    0.006663,
                    -0.91182,
                    -0.410535,
                    1.361859
                ],
                [
                    0.0,
                    0.0,
                    0.0,
                    1.0
                ]
            ]
        },
        {
            "file_path": "color_scaled/2.jpg",
            "transform_matrix": [
                [
                    -0.947387,
                    0.126025,
                    -0.294239,
                    2.649368
                ],
                [
                    0.319939,
                    0.401221,
                    -0.858289,
                    2.97856
                ],
                [
                    0.009889,
                    -0.90727,
                    -0.420431,
                    1.365403
                ],
                [
                    0.0,
                    0.0,
                    0.0,
                    1.0
                ]
            ]
        },
        {
            "file_path": "color_scaled/3.jpg",
            "transform_matrix": [
                [
                    -0.946851,
                    0.128282,
                    -0.294988,
                    2.647634
                ],
                [
                    0.321573,
                    0.400396,
                    -0.858064,
                    2.978188
                ],
                [
                    0.008037,
                    -0.907318,
                    -0.420367,
                    1.36466
                ],
                [
                    0.0,
                    0.0,
                    0.0,
                    1.0
                ]
            ]
        },
        {
            "file_path": "color_scaled/4.jpg",
            "transform_matrix": [
                [
                    -0.946914,
                    0.131611,
                    -0.293313,
                    2.644349
                ],
                [
                    0.321456,
                    0.400409,
                    -0.858102,
                    2.98006
                ],
                [
                    0.004509,
                    -0.906836,
                    -0.42146,
                    1.361572
                ],
                [
                    0.0,
                    0.0,
                    0.0,
                    1.0
                ]
            ]
        },
        {
            "file_path": "color_scaled/5.jpg",
            "transform_matrix": [
                [
                    -0.945698,
                    0.135265,
                    -0.295564,
                    2.645975
                ],
                [
                    0.325036,
                    0.400593,
                    -0.856666,
                    2.98057
                ],
                [
                    0.002524,
                    -0.906217,
                    -0.422806,
                    1.356765
                ],
                [
                    0.0,
                    0.0,
                    0.0,
                    1.0
                ]
            ]
        },
        {
            "file_path": "color_scaled/6.jpg",
            "transform_matrix": [
                [
                    -0.94479,
                    0.138866,
                    -0.296796,
                    2.643605
                ],
                [
                    0.327676,
                    0.401915,
                    -0.85504,
                    2.981744
                ],
                [
                    0.000551,
                    -0.905086,
                    -0.425229,
                    1.355444
                ],
                [
                    0.0,
                    0.0,
                    0.0,
                    1.0
                ]
            ]
        },
        {
            "file_path": "color_scaled/7.jpg",
            "transform_matrix": [
                [
                    -0.944056,
                    0.143269,
                    -0.297039,
                    2.640902
                ],
                [
                    0.329777,
                    0.403738,
                    -0.853372,
                    2.981458
                ],
                [
                    -0.002336,
                    -0.903587,
                    -0.428398,
                    1.352682
                ],
                [
                    0.0,
                    0.0,
                    0.0,
                    1.0
                ]
            ]
        },
        {
            "file_path": "color_scaled/8.jpg",
            "transform_matrix": [
                [
                    -0.94362,
                    0.148681,
                    -0.295762,
                    2.638779
                ],
                [
                    0.330964,
                    0.405874,
                    -0.851897,
                    2.983938
                ],
                [
                    -0.006619,
                    -0.901754,
                    -0.432199,
                    1.350736
                ],
                [
                    0.0,
                    0.0,
                    0.0,
                    1.0
                ]
            ]
        },
        {
            "file_path": "color_scaled/9.jpg",
            "transform_matrix": [
                [
                    -0.943467,
                    0.154725,
                    -0.293138,
                    2.636264
                ],
                [
                    0.331247,
                    0.407989,
                    -0.850776,
                    2.98502
                ],
                [
                    -0.01204,
                    -0.89978,
                    -0.436177,
                    1.345518
                ],
                [
                    0.0,
                    0.0,
                    0.0,
                    1.0
                ]
            ]
        },
        {
            "file_path": "color_scaled/10.jpg",
            "transform_matrix": [
                [
                    -0.941632,
                    0.177894,
                    -0.285802,
                    2.631189
                ],
                [
                    0.335611,
                    0.429629,
                    -0.838322,
                    2.974235
                ],
                [
                    -0.026344,
                    -0.885309,
                    -0.464256,
                    1.371736
                ],
                [
                    0.0,
                    0.0,
                    0.0,
                    1.0
                ]
            ]
        },
        {
            "file_path": "color_scaled/11.jpg",
            "transform_matrix": [
                [
                    -0.94169,
                    0.184746,
                    -0.281228,
                    2.630358
                ],
                [
                    0.335003,
                    0.43647,
                    -0.835025,
                    2.977717
                ],
                [
                    -0.03152,
                    -0.880547,
                    -0.47291,
                    1.361026
                ],
                [
                    0.0,
                    0.0,
                    0.0,
                    1.0
                ]
            ]
        },
        {
            "file_path": "color_scaled/12.jpg",
            "transform_matrix": [
                [
                    -0.941325,
                    0.191836,
                    -0.277681,
                    2.627383
                ],
                [
                    0.335586,
                    0.444447,
                    -0.830571,
                    2.979916
                ],
                [
                    -0.035919,
                    -0.875023,
                    -0.482746,
                    1.351397
                ],
                [
                    0.0,
                    0.0,
                    0.0,
                    1.0
                ]
            ]
        },
        {
            "file_path": "color_scaled/13.jpg",
            "transform_matrix": [
                [
                    -0.940478,
                    0.196915,
                    -0.276995,
                    2.62645
                ],
                [
                    0.337939,
                    0.455413,
                    -0.823648,
                    2.980639
                ],
                [
                    -0.036042,
                    -0.86823,
                    -0.494851,
                    1.343746
                ],
                [
                    0.0,
                    0.0,
                    0.0,
                    1.0
                ]
            ]
        },
        {
            "file_path": "color_scaled/14.jpg",
            "transform_matrix": [
                [
                    -0.939658,
                    0.201161,
                    -0.276724,
                    2.621858
                ],
                [
                    0.34024,
                    0.46492,
                    -0.817366,
                    2.981823
                ],
                [
                    -0.035767,
                    -0.862197,
                    -0.505309,
                    1.336357
                ],
                [
                    0.0,
                    0.0,
                    0.0,
                    1.0
                ]
            ]
        },
        {
            "file_path": "color_scaled/15.jpg",
            "transform_matrix": [
                [
                    -0.939393,
                    0.204624,
                    -0.275083,
                    2.613853
                ],
                [
                    0.340965,
                    0.473726,
                    -0.811989,
                    2.989188
                ],
                [
                    -0.035839,
                    -0.85657,
                    -0.514785,
                    1.325411
                ],
                [
                    0.0,
                    0.0,
                    0.0,
                    1.0
                ]
            ]
        },
        {
            "file_path": "color_scaled/16.jpg",
            "transform_matrix": [
                [
                    -0.937033,
                    0.212765,
                    -0.276949,
                    2.61448
                ],
                [
                    0.347292,
                    0.483978,
                    -0.803215,
                    2.988785
                ],
                [
                    -0.036859,
                    -0.84882,
                    -0.527395,
                    1.317796
                ],
                [
                    0.0,
                    0.0,
                    0.0,
                    1.0
                ]
            ]
        },
        {
            "file_path": "color_scaled/17.jpg",
            "transform_matrix": [
                [
                    -0.936351,
                    0.21949,
                    -0.27399,
                    2.609043
                ],
                [
                    0.34888,
                    0.494847,
                    -0.79587,
                    2.99406
                ],
                [
                    -0.039102,
                    -0.840803,
                    -0.539927,
                    1.311283
                ],
                [
                    0.0,
                    0.0,
                    0.0,
                    1.0
                ]
            ]
        },
        {
            "file_path": "color_scaled/18.jpg",
            "transform_matrix": [
                [
                    -0.9354,
                    0.227005,
                    -0.2711,
                    2.607595
                ],
                [
                    0.351118,
                    0.505804,
                    -0.787959,
                    2.999038
                ],
                [
                    -0.041747,
                    -0.832245,
                    -0.552834,
                    1.303462
                ],
                [
                    0.0,
                    0.0,
                    0.0,
                    1.0
                ]
            ]
        },
        {
            "file_path": "color_scaled/19.jpg",
            "transform_matrix": [
                [
                    -0.933582,
                    0.238844,
                    -0.267169,
                    2.600856
                ],
                [
                    0.355478,
                    0.52276,
                    -0.774827,
                    3.007187
                ],
                [
                    -0.045398,
                    -0.818337,
                    -0.572943,
                    1.299236
                ],
                [
                    0.0,
                    0.0,
                    0.0,
                    1.0
                ]
            ]
        },
        {
            "file_path": "color_scaled/20.jpg",
            "transform_matrix": [
                [
                    -0.931163,
                    0.243991,
                    -0.270933,
                    2.602291
                ],
                [
                    0.361935,
                    0.528809,
                    -0.767701,
                    3.008327
                ],
                [
                    -0.04404,
                    -0.812914,
                    -0.580716,
                    1.301364
                ],
                [
                    0.0,
                    0.0,
                    0.0,
                    1.0
                ]
            ]
        },
        {
            "file_path": "color_scaled/21.jpg",
            "transform_matrix": [
                [
                    -0.93015,
                    0.243702,
                    -0.274647,
                    2.598778
                ],
                [
                    0.36494,
                    0.531076,
                    -0.764707,
                    3.019463
                ],
                [
                    -0.040502,
                    -0.811522,
                    -0.582916,
                    1.293332
                ],
                [
                    0.0,
                    0.0,
                    0.0,
                    1.0
                ]
            ]
        },
        {
            "file_path": "color_scaled/22.jpg",
            "transform_matrix": [
                [
                    -0.928724,
                    0.243209,
                    -0.279859,
                    2.595489
                ],
                [
                    0.369113,
                    0.535142,
                    -0.759855,
                    3.028978
                ],
                [
                    -0.035039,
                    -0.808995,
                    -0.586771,
                    1.288789
                ],
                [
                    0.0,
                    0.0,
                    0.0,
                    1.0
                ]
            ]
        },
        {
            "file_path": "color_scaled/23.jpg",
            "transform_matrix": [
                [
                    -0.926759,
                    0.243881,
                    -0.285728,
                    2.595183
                ],
                [
                    0.374483,
                    0.539711,
                    -0.753972,
                    3.034274
                ],
                [
                    -0.029669,
                    -0.80575,
                    -0.591512,
                    1.285487
                ],
                [
                    0.0,
                    0.0,
                    0.0,
                    1.0
                ]
            ]
        },
        {
            "file_path": "color_scaled/24.jpg",
            "transform_matrix": [
                [
                    -0.925223,
                    0.242457,
                    -0.29185,
                    2.596378
                ],
                [
                    0.378739,
                    0.543993,
                    -0.748751,
                    3.040951
                ],
                [
                    -0.022775,
                    -0.803297,
                    -0.595143,
                    1.282509
                ],
                [
                    0.0,
                    0.0,
                    0.0,
                    1.0
                ]
            ]
        },
        {
            "file_path": "color_scaled/25.jpg",
            "transform_matrix": [
                [
                    -0.92439,
                    0.238803,
                    -0.29745,
                    2.593838
                ],
                [
                    0.381144,
                    0.547073,
                    -0.745279,
                    3.049917
                ],
                [
                    -0.015248,
                    -0.802299,
                    -0.596727,
                    1.281446
                ],
                [
                    0.0,
                    0.0,
                    0.0,
                    1.0
                ]
            ]
        },
        {
            "file_path": "color_scaled/26.jpg",
            "transform_matrix": [
                [
                    -0.922325,
                    0.237677,
                    -0.304674,
                    2.595391
                ],
                [
                    0.386302,
                    0.548106,
                    -0.741856,
                    3.053586
                ],
                [
                    -0.009329,
                    -0.801929,
                    -0.597347,
                    1.283669
                ],
                [
                    0.0,
                    0.0,
                    0.0,
                    1.0
                ]
            ]
        },
        {
            "file_path": "color_scaled/27.jpg",
            "transform_matrix": [
                [
                    -0.921751,
                    0.233411,
                    -0.309669,
                    2.595322
                ],
                [
                    0.387752,
                    0.544682,
                    -0.74362,
                    3.064934
                ],
                [
                    -0.004898,
                    -0.805506,
                    -0.592567,
                    1.282391
                ],
                [
                    0.0,
                    0.0,
                    0.0,
                    1.0
                ]
            ]
        },
        {
            "file_path": "color_scaled/28.jpg",
            "transform_matrix": [
                [
                    -0.920483,
                    0.230925,
                    -0.315254,
                    2.600178
                ],
                [
                    0.390781,
                    0.541213,
                    -0.744566,
                    3.075339
                ],
                [
                    -0.001319,
                    -0.808555,
                    -0.588419,
                    1.279156
                ],
                [
                    0.0,
                    0.0,
                    0.0,
                    1.0
                ]
            ]
        },
        {
            "file_path": "color_scaled/29.jpg",
            "transform_matrix": [
                [
                    -0.919208,
                    0.231758,
                    -0.318347,
                    2.603396
                ],
                [
                    0.393772,
                    0.540386,
                    -0.74359,
                    3.086034
                ],
                [
                    -0.000302,
                    -0.80887,
                    -0.587987,
                    1.277711
                ],
                [
                    0.0,
                    0.0,
                    0.0,
                    1.0
                ]
            ]
        },
        {
            "file_path": "color_scaled/30.jpg",
            "transform_matrix": [
                [
                    -0.91632,
                    0.236677,
                    -0.323019,
                    2.613486
                ],
                [
                    0.400446,
                    0.54264,
                    -0.738366,
                    3.089565
                ],
                [
                    0.000529,
                    -0.805932,
                    -0.592008,
                    1.284845
                ],
                [
                    0.0,
                    0.0,
                    0.0,
                    1.0
                ]
            ]
        },
        {
            "file_path": "color_scaled/31.jpg",
            "transform_matrix": [
                [
                    -0.91467,
                    0.241633,
                    -0.324025,
                    2.615539
                ],
                [
                    0.404196,
                    0.542693,
                    -0.736281,
                    3.096617
                ],
                [
                    -0.002064,
                    -0.804424,
                    -0.594052,
                    1.291648
                ],
                [
                    0.0,
                    0.0,
                    0.0,
                    1.0
                ]
            ]
        },
        {
            "file_path": "color_scaled/32.jpg",
            "transform_matrix": [
                [
                    -0.913237,
                    0.243608,
                    -0.326578,
                    2.618314
                ],
                [
                    0.407408,
                    0.537971,
                    -0.737974,
                    3.10641
                ],
                [
                    -0.004086,
                    -0.806996,
                    -0.590543,
                    1.296575
                ],
                [
                    0.0,
                    0.0,
                    0.0,
                    1.0
                ]
            ]
        },
        {
            "file_path": "color_scaled/33.jpg",
            "transform_matrix": [
                [
                    -0.911804,
                    0.243462,
                    -0.330665,
                    2.623105
                ],
                [
                    0.410589,
                    0.529756,
                    -0.742142,
                    3.121486
                ],
                [
                    -0.005512,
                    -0.812456,
                    -0.582997,
                    1.293874
                ],
                [
                    0.0,
                    0.0,
                    0.0,
                    1.0
                ]
            ]
        },
        {
            "file_path": "color_scaled/34.jpg",
            "transform_matrix": [
                [
                    -0.909934,
                    0.245039,
                    -0.334629,
                    2.626605
                ],
                [
                    0.414719,
                    0.527058,
                    -0.741767,
                    3.131478
                ],
                [
                    -0.005393,
                    -0.813736,
                    -0.58121,
                    1.293241
                ],
                [
                    0.0,
                    0.0,
                    0.0,
                    1.0
                ]
            ]
        },
        {
            "file_path": "color_scaled/35.jpg",
            "transform_matrix": [
                [
                    -0.907836,
                    0.250044,
                    -0.336617,
                    2.626451
                ],
                [
                    0.419248,
                    0.525924,
                    -0.740024,
                    3.14197
                ],
                [
                    -0.008004,
                    -0.812946,
                    -0.582284,
                    1.297092
                ],
                [
                    0.0,
                    0.0,
                    0.0,
                    1.0
                ]
            ]
        },
        {
            "file_path": "color_scaled/36.jpg",
            "transform_matrix": [
                [
                    -0.905706,
                    0.254914,
                    -0.338697,
                    2.623949
                ],
                [
                    0.423739,
                    0.521969,
                    -0.740266,
                    3.152149
                ],
                [
                    -0.011915,
                    -0.813982,
                    -0.580768,
                    1.300037
                ],
                [
                    0.0,
                    0.0,
                    0.0,
                    1.0
                ]
            ]
        },
        {
            "file_path": "color_scaled/37.jpg",
            "transform_matrix": [
                [
                    -0.902502,
                    0.260601,
                    -0.342897,
                    2.622079
                ],
                [
                    0.430388,
                    0.516049,
                    -0.740581,
                    3.161783
                ],
                [
                    -0.016044,
                    -0.815954,
                    -0.577894,
                    1.303887
                ],
                [
                    0.0,
                    0.0,
                    0.0,
                    1.0
                ]
            ]
        },
        {
            "file_path": "color_scaled/38.jpg",
            "transform_matrix": [
                [
                    -0.899165,
                    0.266219,
                    -0.347318,
                    2.618676
                ],
                [
                    0.437117,
                    0.508731,
                    -0.741702,
                    3.172611
                ],
                [
                    -0.020763,
                    -0.818731,
                    -0.573802,
                    1.305325
                ],
                [
                    0.0,
                    0.0,
                    0.0,
                    1.0
                ]
            ]
        },
        {
            "file_path": "color_scaled/39.jpg",
            "transform_matrix": [
                [
                    -0.894504,
                    0.271119,
                    -0.355469,
                    2.617938
                ],
                [
                    0.446456,
                    0.500401,
                    -0.741806,
                    3.182936
                ],
                [
                    -0.02324,
                    -0.822249,
                    -0.568653,
                    1.303939
                ],
                [
                    0.0,
                    0.0,
                    0.0,
                    1.0
                ]
            ]
        },
        {
            "file_path": "color_scaled/40.jpg",
            "transform_matrix": [
                [
                    -0.888398,
                    0.276524,
                    -0.366446,
                    2.621844
                ],
                [
                    0.458458,
                    0.493096,
                    -0.739373,
                    3.193201
                ],
                [
                    -0.023761,
                    -0.824858,
                    -0.564841,
                    1.300204
                ],
                [
                    0.0,
                    0.0,
                    0.0,
                    1.0
                ]
            ]
        },
        {
            "file_path": "color_scaled/41.jpg",
            "transform_matrix": [
                [
                    -0.885175,
                    0.287054,
                    -0.36615,
                    2.60191
                ],
                [
                    0.464338,
                    0.495549,
                    -0.734044,
                    3.204648
                ],
                [
                    -0.029265,
                    -0.819775,
                    -0.571938,
                    1.306715
                ],
                [
                    0.0,
                    0.0,
                    0.0,
                    1.0
                ]
            ]
        },
        {
            "file_path": "color_scaled/42.jpg",
            "transform_matrix": [
                [
                    -0.878439,
                    0.294809,
                    -0.376075,
                    2.594427
                ],
                [
                    0.476927,
                    0.491877,
                    -0.728422,
                    3.212729
                ],
                [
                    -0.029763,
                    -0.819234,
                    -0.572686,
                    1.307344
                ],
                [
                    0.0,
                    0.0,
                    0.0,
                    1.0
                ]
            ]
        },
        {
            "file_path": "color_scaled/43.jpg",
            "transform_matrix": [
                [
                    -0.870811,
                    0.301946,
                    -0.387964,
                    2.58876
                ],
                [
                    0.490764,
                    0.487436,
                    -0.722189,
                    3.225286
                ],
                [
                    -0.028955,
                    -0.819289,
                    -0.572649,
                    1.301975
                ],
                [
                    0.0,
                    0.0,
                    0.0,
                    1.0
                ]
            ]
        },
        {
            "file_path": "color_scaled/44.jpg",
            "transform_matrix": [
                [
                    -0.862303,
                    0.313188,
                    -0.397929,
                    2.585311
                ],
                [
                    0.505623,
                    0.489178,
                    -0.710669,
                    3.232096
                ],
                [
                    -0.027915,
                    -0.814014,
                    -0.580174,
                    1.30044
                ],
                [
                    0.0,
                    0.0,
                    0.0,
                    1.0
                ]
            ]
        },
        {
            "file_path": "color_scaled/45.jpg",
            "transform_matrix": [
                [
                    -0.856915,
                    0.32568,
                    -0.399537,
                    2.569247
                ],
                [
                    0.514507,
                    0.49336,
                    -0.70134,
                    3.235233
                ],
                [
                    -0.031297,
                    -0.806553,
                    -0.590332,
                    1.312552
                ],
                [
                    0.0,
                    0.0,
                    0.0,
                    1.0
                ]
            ]
        },
        {
            "file_path": "color_scaled/46.jpg",
            "transform_matrix": [
                [
                    -0.852192,
                    0.331861,
                    -0.404522,
                    2.560533
                ],
                [
                    0.522021,
                    0.48674,
                    -0.700412,
                    3.24261
                ],
                [
                    -0.035542,
                    -0.808055,
                    -0.588034,
                    1.317312
                ],
                [
                    0.0,
                    0.0,
                    0.0,
                    1.0
                ]
            ]
        },
        {
            "file_path": "color_scaled/47.jpg",
            "transform_matrix": [
                [
                    -0.84827,
                    0.333245,
                    -0.411564,
                    2.55434
                ],
                [
                    0.528289,
                    0.478624,
                    -0.701306,
                    3.252661
                ],
                [
                    -0.036723,
                    -0.812322,
                    -0.582052,
                    1.316537
                ],
                [
                    0.0,
                    0.0,
                    0.0,
                    1.0
                ]
            ]
        },
        {
            "file_path": "color_scaled/48.jpg",
            "transform_matrix": [
                [
                    -0.844494,
                    0.33595,
                    -0.417094,
                    2.548476
                ],
                [
                    0.534166,
                    0.47211,
                    -0.701269,
                    3.261762
                ],
                [
                    -0.038677,
                    -0.815015,
                    -0.578147,
                    1.316647
                ],
                [
                    0.0,
                    0.0,
                    0.0,
                    1.0
                ]
            ]
        },
        {
            "file_path": "color_scaled/49.jpg",
            "transform_matrix": [
                [
                    -0.840618,
                    0.341131,
                    -0.420704,
                    2.540926
                ],
                [
                    0.539984,
                    0.467342,
                    -0.700006,
                    3.266639
                ],
                [
                    -0.042181,
                    -0.815611,
                    -0.577061,
                    1.318387
                ],
                [
                    0.0,
                    0.0,
                    0.0,
                    1.0
                ]
            ]
        },
        {
            "file_path": "color_scaled/50.jpg",
            "transform_matrix": [
                [
                    -0.837917,
                    0.340189,
                    -0.426809,
                    2.542137
                ],
                [
                    0.544294,
                    0.462818,
                    -0.699674,
                    3.275374
                ],
                [
                    -0.040486,
                    -0.818578,
                    -0.572966,
                    1.317796
                ],
                [
                    0.0,
                    0.0,
                    0.0,
                    1.0
                ]
            ]
        },
        {
            "file_path": "color_scaled/51.jpg",
            "transform_matrix": [
                [
                    -0.837207,
                    0.348684,
                    -0.421313,
                    2.522871
                ],
                [
                    0.544916,
                    0.466513,
                    -0.69673,
                    3.27316
                ],
                [
                    -0.046391,
                    -0.812887,
                    -0.580572,
                    1.338801
                ],
                [
                    0.0,
                    0.0,
                    0.0,
                    1.0
                ]
            ]
        },
        {
            "file_path": "color_scaled/52.jpg",
            "transform_matrix": [
                [
                    -0.837888,
                    0.34466,
                    -0.423264,
                    2.516146
                ],
                [
                    0.543874,
                    0.461378,
                    -0.70095,
                    3.281672
                ],
                [
                    -0.046305,
                    -0.81752,
                    -0.574035,
                    1.34041
                ],
                [
                    0.0,
                    0.0,
                    0.0,
                    1.0
                ]
            ]
        },
        {
            "file_path": "color_scaled/53.jpg",
            "transform_matrix": [
                [
                    -0.840159,
                    0.338911,
                    -0.423405,
                    2.508111
                ],
                [
                    0.540494,
                    0.458877,
                    -0.705194,
                    3.28697
                ],
                [
                    -0.044707,
                    -0.821323,
                    -0.568709,
                    1.346296
                ],
                [
                    0.0,
                    0.0,
                    0.0,
                    1.0
                ]
            ]
        },
        {
            "file_path": "color_scaled/54.jpg",
            "transform_matrix": [
                [
                    -0.843649,
                    0.329349,
                    -0.424012,
                    2.501636
                ],
                [
                    0.535325,
                    0.45564,
                    -0.71121,
                    3.294151
                ],
                [
                    -0.041039,
                    -0.826995,
                    -0.560709,
