{
    "fl_x": 288.79533185185187,
    "fl_y": 288.17409950617287,
    "cx": 159.57902320987654,
    "cy": 121.46346469135801,
    "w": 320,
    "h": 240,
    "camera_angle_x": 1.011857219071672,
    "camera_angle_y": 0.7891532209744062,
    "aabb_scale": 16,
    "scale": 0.2,
    "offset": [
        -0.5,
        -0.5,
        0
    ],
    "frames": [
        {
            "file_path": "color_scaled/0.jpg",
            "transform_matrix": [
                [
                    -0.955421,
                    0.119616,
                    -0.269932,
                    2.65583
                ],
                [
                    0.295248,
                    0.388339,
                    -0.872939,
                    2.981598
                ],
                [
                    0.000408,
                    -0.91372,
                    -0.406343,
                    1.368648
                ],
                [
                    0.0,
                    0.0,
                    0.0,
                    1.0
                ]
            ]
        },
        {
            "file_path": "color_scaled/10.jpg",
            "transform_matrix": [
                [
                    -0.941632,
                    0.177894,
                    -0.285802,
                    2.631189
                ],
                [
                    0.335611,
                    0.429629,
                    -0.838322,
                    2.974235
                ],
                [
                    -0.026344,
                    -0.885309,
                    -0.464256,
                    1.371736
                ],
                [
                    0.0,
                    0.0,
                    0.0,
                    1.0
                ]
            ]
        },
        {
            "file_path": "color_scaled/20.jpg",
            "transform_matrix": [
                [
                    -0.931163,
                    0.243991,
                    -0.270933,
                    2.602291
                ],
                [
                    0.361935,
                    0.528809,
                    -0.767701,
                    3.008327
                ],
                [
                    -0.04404,
                    -0.812914,
                    -0.580716,
                    1.301364
                ],
                [
                    0.0,
                    0.0,
                    0.0,
                    1.0
                ]
            ]
        },
        {
            "file_path": "color_scaled/30.jpg",
            "transform_matrix": [
                [
                    -0.91632,
                    0.236677,
                    -0.323019,
                    2.613486
                ],
                [
                    0.400446,
                    0.54264,
                    -0.738366,
                    3.089565
                ],
                [
                    0.000529,
                    -0.805932,
                    -0.592008,
                    1.284845
                ],
                [
                    0.0,
                    0.0,
                    0.0,
                    1.0
                ]
            ]
        },
        {
            "file_path": "color_scaled/40.jpg",
            "transform_matrix": [
                [
                    -0.888398,
                    0.276524,
                    -0.366446,
                    2.621844
                ],
                [
                    0.458458,
                    0.493096,
                    -0.739373,
                    3.193201
                ],
                [
                    -0.023761,
                    -0.824858,
                    -0.564841,
                    1.300204
                ],
                [
                    0.0,
                    0.0,
                    0.0,
                    1.0
                ]
            ]
        },
        {
            "file_path": "color_scaled/50.jpg",
            "transform_matrix": [
                [
                    -0.837917,
                    0.340189,
                    -0.426809,
                    2.542137
                ],
                [
                    0.544294,
                    0.462818,
                    -0.699674,
                    3.275374
                ],
                [
                    -0.040486,
                    -0.818578,
                    -0.572966,
                    1.317796
                ],
                [
                    0.0,
                    0.0,
                    0.0,
                    1.0
                ]
            ]
        },
        {
            "file_path": "color_scaled/60.jpg",
            "transform_matrix": [
                [
                    -0.862966,
                    0.256698,
                    -0.435196,
                    2.481996
                ],
                [
                    0.505246,
                    0.431696,
                    -0.747238,
                    3.331899
                ],
                [
                    -0.003942,
                    -0.864722,
                    -0.502235,
                    1.356713
                ],
                [
                    0.0,
                    0.0,
                    0.0,
                    1.0
                ]
            ]
        },
        {
            "file_path": "color_scaled/70.jpg",
            "transform_matrix": [
                [
                    -0.886459,
                    0.213553,
                    -0.410591,
                    2.49892
                ],
                [
                    0.462601,
                    0.38241,
                    -0.799852,
                    3.348427
                ],
                [
                    -0.013797,
                    -0.898976,
                    -0.437781,
                    1.394404
                ],
                [
                    0.0,
                    0.0,
                    0.0,
                    1.0
                ]
            ]
        },
        {
            "file_path": "color_scaled/80.jpg",
            "transform_matrix": [
                [
                    -0.895604,
                    0.170329,
                    -0.410951,
                    2.597897
                ],
                [
                    0.444819,
                    0.354142,
                    -0.82263,
                    3.329533
                ],
                [
                    0.005417,
                    -0.919549,
                    -0.392937,
                    1.418409
                ],
                [
                    0.0,
                    0.0,
                    0.0,
                    1.0
                ]
            ]
        },
        {
            "file_path": "color_scaled/90.jpg",
            "transform_matrix": [
                [
                    -0.898059,
                    0.181719,
                    -0.400584,
                    2.714196
                ],
                [
                    0.439163,
                    0.318627,
                    -0.840008,
                    3.311598
                ],
                [
                    -0.025008,
                    -0.930298,
                    -0.36595,
                    1.445166
                ],
                [
                    0.0,
                    0.0,
                    0.0,
                    1.0
                ]
            ]
        },
        {
            "file_path": "color_scaled/100.jpg",
            "transform_matrix": [
                [
                    -0.924645,
                    0.111265,
                    -0.364214,
                    2.770857
                ],
                [
                    0.380379,
                    0.223266,
                    -0.897477,
                    3.310602
                ],
                [
                    -0.018542,
                    -0.968386,
                    -0.248764,
                    1.486608
                ],
                [
                    0.0,
                    0.0,
                    0.0,
                    1.0
                ]
            ]
        },
        {
            "file_path": "color_scaled/110.jpg",
            "transform_matrix": [
                [
                    -0.937863,
                    0.066761,
                    -0.340523,
                    2.76401
                ],
                [
                    0.346953,
                    0.163279,
                    -0.92356,
                    3.268641
                ],
                [
                    -0.006058,
                    -0.984318,
                    -0.176296,
                    1.536595
                ],
                [
                    0.0,
                    0.0,
                    0.0,
                    1.0
                ]
            ]
        },
        {
            "file_path": "color_scaled/120.jpg",
            "transform_matrix": [
                [
                    -0.941322,
                    0.026182,
                    -0.336492,
                    2.7155
                ],
                [
                    0.337467,
                    0.088714,
                    -0.937148,
                    3.204204
                ],
                [
                    0.005315,
                    -0.995713,
                    -0.092344,
                    1.58668
                ],
                [
                    0.0,
                    0.0,
                    0.0,
                    1.0
                ]
            ]
        },
        {
            "file_path": "color_scaled/130.jpg",
            "transform_matrix": [
                [
                    -0.948182,
                    0.015965,
                    -0.317325,
                    2.698944
                ],
                [
                    0.317725,
                    0.050618,
                    -0.946831,
                    3.145746
                ],
                [
                    0.000947,
                    -0.99859,
                    -0.053068,
                    1.639148
                ],
                [
                    0.0,
                    0.0,
                    0.0,
                    1.0
                ]
            ]
        },
        {
            "file_path": "color_scaled/140.jpg",
            "transform_matrix": [
                [
                    -0.963774,
                    0.017827,
                    -0.266125,
                    2.774393
                ],
                [
                    0.26661,
                    0.03549,
                    -0.963151,
                    3.084015
                ],
                [
                    -0.007725,
                    -0.999211,
                    -0.038957,
                    1.656204
                ],
                [
                    0.0,
                    0.0,
                    0.0,
                    1.0
                ]
            ]
        },
        {
            "file_path": "color_scaled/150.jpg",
            "transform_matrix": [
                [
                    -0.970975,
                    0.029479,
                    -0.237357,
                    2.875046
                ],
                [
                    0.239106,
                    0.094854,
                    -0.966349,
                    3.024214
                ],
                [
                    -0.005972,
                    -0.995055,
                    -0.099149,
                    1.586361
                ],
                [
                    0.0,
                    0.0,
                    0.0,
                    1.0
                ]
            ]
        },
        {
            "file_path": "color_scaled/160.jpg",
            "transform_matrix": [
                [
                    -0.973172,
                    0.045573,
                    -0.225521,
                    2.947215
                ],
                [
                    0.229436,
                    0.26548,
                    -0.936418,
                    2.984164
                ],
                [
                    0.017196,
                    -0.963039,
                    -0.268814,
                    1.478826
                ],
                [
                    0.0,
                    0.0,
                    0.0,
                    1.0
                ]
            ]
        },
        {
            "file_path": "color_scaled/170.jpg",
            "transform_matrix": [
                [
                    -0.978258,
                    0.055565,
                    -0.199808,
                    2.981928
                ],
                [
                    0.206297,
                    0.359519,
                    -0.910048,
                    2.963408
                ],
                [
                    0.021268,
                    -0.931482,
                    -0.363165,
                    1.435864
                ],
                [
                    0.0,
                    0.0,
                    0.0,
                    1.0
                ]
            ]
        },
        {
            "file_path": "color_scaled/180.jpg",
            "transform_matrix": [
                [
                    -0.986631,
                    0.050757,
                    -0.154864,
                    2.974404
                ],
                [
                    0.162222,
                    0.396804,
                    -0.903455,
                    2.970685
                ],
                [
                    0.015594,
                    -0.916499,
                    -0.399733,
                    1.414431
                ],
                [
                    0.0,
                    0.0,
                    0.0,
                    1.0
                ]
            ]
        },
        {
            "file_path": "color_scaled/190.jpg",
            "transform_matrix": [
                [
                    -0.99688,
                    0.050191,
                    -0.060923,
                    2.908579
                ],
                [
                    0.076921,
                    0.444474,
                    -0.892483,
                    2.972736
                ],
                [
                    -0.017716,
                    -0.894385,
                    -0.446948,
                    1.390993
                ],
                [
                    0.0,
                    0.0,
                    0.0,
                    1.0
                ]
            ]
        },
        {
            "file_path": "color_scaled/200.jpg",
            "transform_matrix": [
                [
                    -0.999767,
                    0.008891,
                    -0.019647,
                    2.782598
                ],
                [
                    0.021522,
                    0.468625,
                    -0.883135,
                    2.970711
                ],
                [
                    0.001355,
                    -0.883352,
                    -0.468708,
                    1.381318
                ],
                [
                    0.0,
                    0.0,
                    0.0,
                    1.0
                ]
            ]
        },
        {
            "file_path": "color_scaled/210.jpg",
            "transform_matrix": [
                [
                    -0.999512,
                    0.028203,
                    -0.013409,
                    2.810614
                ],
                [
                    0.024941,
                    0.462547,
                    -0.886244,
                    2.974035
                ],
                [
                    -0.018793,
                    -0.886146,
                    -0.463025,
                    1.376397
                ],
                [
                    0.0,
                    0.0,
                    0.0,
                    1.0
                ]
            ]
        },
        {
            "file_path": "color_scaled/220.jpg",
            "transform_matrix": [
                [
                    -0.995476,
                    0.061024,
                    -0.072828,
                    3.022149
                ],
                [
                    0.092938,
                    0.465979,
                    -0.879901,
                    2.969948
                ],
                [
                    -0.019758,
                    -0.882689,
                    -0.469543,
                    1.360915
                ],
                [
                    0.0,
                    0.0,
                    0.0,
                    1.0
                ]
            ]
        },
        {
            "file_path": "color_scaled/230.jpg",
            "transform_matrix": [
                [
                    -0.991249,
                    0.06839,
                    -0.112908,
                    3.232494
                ],
                [
                    0.131639,
                    0.448401,
                    -0.884086,
                    2.934697
                ],
                [
                    -0.009835,
                    -0.891212,
                    -0.45348,
                    1.36722
                ],
                [
                    0.0,
                    0.0,
                    0.0,
                    1.0
                ]
            ]
        },
        {
            "file_path": "color_scaled/240.jpg",
            "transform_matrix": [
                [
                    -0.980307,
                    0.093453,
                    -0.17397,
                    3.396641
                ],
                [
                    0.197103,
                    0.408471,
                    -0.891236,
                    2.820357
                ],
                [
                    -0.012227,
                    -0.907975,
                    -0.418846,
                    1.358235
                ],
                [
                    0.0,
                    0.0,
                    0.0,
                    1.0
                ]
            ]
        },
        {
            "file_path": "color_scaled/250.jpg",
            "transform_matrix": [
                [
                    -0.96765,
                    0.092511,
                    -0.234723,
                    3.549992
                ],
                [
                    0.252036,
                    0.396703,
                    -0.882669,
                    2.710055
                ],
                [
                    0.011459,
                    -0.913273,
                    -0.407186,
                    1.372191
                ],
                [
                    0.0,
                    0.0,
                    0.0,
                    1.0
                ]
            ]
        },
        {
            "file_path": "color_scaled/260.jpg",
            "transform_matrix": [
                [
                    -0.933378,
                    0.127413,
                    -0.335516,
                    3.710635
                ],
                [
                    0.358785,
                    0.354315,
                    -0.863559,
                    2.64662
                ],
                [
                    0.00885,
                    -0.926405,
                    -0.376424,
                    1.387151
                ],
                [
                    0.0,
                    0.0,
                    0.0,
                    1.0
                ]
            ]
        },
        {
            "file_path": "color_scaled/270.jpg",
            "transform_matrix": [
                [
                    -0.899822,
                    0.167091,
                    -0.40299,
                    3.921387
                ],
                [
                    0.436238,
                    0.353418,
                    -0.827522,
                    2.578126
                ],
                [
                    0.004152,
                    -0.920422,
                    -0.390905,
                    1.389362
                ],
                [
                    0.0,
                    0.0,
                    0.0,
                    1.0
                ]
            ]
        },
        {
            "file_path": "color_scaled/280.jpg",
            "transform_matrix": [
                [
                    -0.894499,
                    0.141787,
                    -0.423991,
                    3.992023
                ],
                [
                    0.443701,
                    0.397761,
                    -0.803066,
                    2.52697
                ],
                [
                    0.054782,
                    -0.906467,
                    -0.418708,
                    1.361343
                ],
                [
                    0.0,
                    0.0,
                    0.0,
                    1.0
                ]
            ]
        },
        {
            "file_path": "color_scaled/290.jpg",
            "transform_matrix": [
                [
                    -0.920709,
                    0.114778,
                    -0.372991,
                    4.002711
                ],
                [
                    0.385512,
                    0.416005,
                    -0.823602,
                    2.538156
                ],
                [
                    0.060634,
                    -0.90209,
                    -0.427268,
                    1.36102
                ],
                [
                    0.0,
                    0.0,
                    0.0,
                    1.0
                ]
            ]
        },
        {
            "file_path": "color_scaled/300.jpg",
            "transform_matrix": [
                [
                    -0.929515,
                    0.165711,
                    -0.329458,
                    3.909958
                ],
                [
                    0.368335,
                    0.373043,
                    -0.851568,
                    2.60139
                ],
                [
                    -0.018213,
                    -0.912896,
                    -0.407786,
                    1.410293
                ],
                [
                    0.0,
                    0.0,
                    0.0,
                    1.0
                ]
            ]
        },
        {
            "file_path": "color_scaled/310.jpg",
            "transform_matrix": [
                [
                    -0.960772,
                    0.137069,
                    -0.2411,
                    3.683566
                ],
                [
                    0.275756,
                    0.379362,
                    -0.883201,
                    2.787926
                ],
                [
                    -0.029595,
                    -0.915039,
                    -0.402278,
                    1.405629
                ],
                [
                    0.0,
                    0.0,
                    0.0,
                    1.0
                ]
            ]
        },
        {
            "file_path": "color_scaled/320.jpg",
            "transform_matrix": [
                [
                    -0.991102,
                    0.110882,
                    -0.073636,
                    3.499009
                ],
                [
                    0.114121,
                    0.423124,
                    -0.898856,
                    2.897152
                ],
                [
                    -0.06851,
                    -0.899261,
                    -0.432013,
                    1.434077
                ],
                [
                    0.0,
                    0.0,
                    0.0,
                    1.0
                ]
            ]
        },
        {
            "file_path": "color_scaled/330.jpg",
            "transform_matrix": [
                [
                    -0.999579,
                    0.007793,
                    0.027933,
                    3.27473
                ],
                [
                    -0.021859,
                    0.430482,
                    -0.902335,
                    2.92663
                ],
                [
                    -0.019057,
                    -0.902566,
                    -0.43013,
                    1.411243
                ],
                [
                    0.0,
                    0.0,
                    0.0,
                    1.0
                ]
            ]
        },
        {
            "file_path": "color_scaled/340.jpg",
            "transform_matrix": [
                [
                    -0.994168,
                    -0.02753,
                    0.104272,
                    3.03673
                ],
                [
                    -0.10627,
                    0.414688,
                    -0.903737,
                    2.950902
                ],
                [
                    -0.018361,
                    -0.909547,
                    -0.415195,
                    1.429678
                ],
                [
                    0.0,
                    0.0,
                    0.0,
                    1.0
                ]
            ]
        },
        {
            "file_path": "color_scaled/350.jpg",
            "transform_matrix": [
                [
                    -0.968075,
                    -0.094034,
                    0.232353,
                    2.774188
                ],
                [
                    -0.249493,
                    0.450793,
                    -0.857052,
                    2.98553
                ],
                [
                    -0.024151,
                    -0.887662,
                    -0.459862,
                    1.395771
                ],
                [
                    0.0,
                    0.0,
                    0.0,
                    1.0
                ]
            ]
        },
        {
            "file_path": "color_scaled/360.jpg",
            "transform_matrix": [
                [
                    -0.936047,
                    -0.13191,
                    0.326214,
                    2.533024
                ],
                [
                    -0.350361,
                    0.435277,
                    -0.829325,
                    2.905333
                ],
                [
                    -0.032597,
                    -0.89058,
                    -0.453656,
                    1.381418
                ],
                [
                    0.0,
                    0.0,
                    0.0,
                    1.0
                ]
            ]
        },
        {
            "file_path": "color_scaled/370.jpg",
            "transform_matrix": [
                [
                    -0.908317,
                    -0.207228,
                    0.363342,
                    2.364233
                ],
                [
                    -0.417842,
                    0.409654,
                    -0.81092,
                    2.747554
                ],
                [
                    0.019201,
                    -0.888392,
                    -0.458684,
                    1.396455
                ],
                [
                    0.0,
                    0.0,
                    0.0,
                    1.0
                ]
            ]
        },
        {
            "file_path": "color_scaled/380.jpg",
            "transform_matrix": [
                [
                    -0.843759,
                    -0.23574,
                    0.482179,
                    2.232307
                ],
                [
                    -0.53666,
                    0.356955,
                    -0.764578,
                    2.605193
                ],
                [
                    0.008125,
                    -0.903886,
                    -0.427696,
                    1.418638
                ],
                [
                    0.0,
                    0.0,
                    0.0,
                    1.0
                ]
            ]
        },
        {
            "file_path": "color_scaled/390.jpg",
            "transform_matrix": [
                [
                    -0.754832,
                    -0.270886,
                    0.597369,
                    2.115022
                ],
                [
                    -0.655854,
                    0.298959,
                    -0.693166,
                    2.446172
                ],
                [
                    0.00918,
                    -0.91501,
                    -0.403326,
                    1.439471
                ],
                [
                    0.0,
                    0.0,
                    0.0,
                    1.0
                ]
            ]
        },
        {
            "file_path": "color_scaled/400.jpg",
            "transform_matrix": [
                [
                    -0.712216,
                    -0.266294,
                    0.64949,
                    2.050875
                ],
                [
                    -0.701932,
                    0.261859,
                    -0.66236,
                    2.369823
                ],
                [
                    0.006307,
                    -0.927641,
                    -0.37342,
                    1.451244
                ],
                [
                    0.0,
                    0.0,
                    0.0,
                    1.0
                ]
            ]
        },
        {
            "file_path": "color_scaled/410.jpg",
            "transform_matrix": [
                [
                    -0.632406,
                    -0.272176,
                    0.725247,
                    1.990108
                ],
                [
                    -0.774547,
                    0.207872,
                    -0.597383,
                    2.328527
                ],
                [
                    0.011835,
                    -0.939526,
                    -0.342273,
                    1.492978
                ],
                [
                    0.0,
                    0.0,
                    0.0,
                    1.0
                ]
            ]
        },
        {
            "file_path": "color_scaled/420.jpg",
            "transform_matrix": [
                [
                    -0.659764,
                    -0.197624,
                    0.725021,
                    1.957626
                ],
                [
                    -0.751465,
                    0.169043,
                    -0.63775,
                    2.304079
                ],
                [
                    0.003475,
                    -0.965593,
                    -0.260036,
                    1.546556
                ],
                [
                    0.0,
                    0.0,
                    0.0,
                    1.0
                ]
            ]
        },
        {
            "file_path": "color_scaled/430.jpg",
            "transform_matrix": [
                [
                    -0.725023,
                    -0.133705,
                    0.675622,
                    1.998145
                ],
                [
                    -0.687192,
                    0.075034,
                    -0.72259,
                    2.360752
                ],
                [
                    0.045919,
                    -0.988176,
                    -0.146283,
                    1.605249
                ],
                [
                    0.0,
                    0.0,
                    0.0,
                    1.0
                ]
            ]
        },
        {
            "file_path": "color_scaled/440.jpg",
            "transform_matrix": [
                [
                    -0.746053,
                    -0.087992,
                    0.660048,
                    2.045715
                ],
                [
                    -0.665012,
                    0.047655,
                    -0.745311,
                    2.471771
                ],
                [
                    0.034127,
                    -0.994981,
                    -0.094069,
                    1.608921
                ],
                [
                    0.0,
                    0.0,
                    0.0,
                    1.0
                ]
            ]
        },
        {
            "file_path": "color_scaled/450.jpg",
            "transform_matrix": [
                [
                    -0.800775,
                    -0.077481,
                    0.593933,
                    2.065269
                ],
                [
                    -0.598525,
                    0.06546,
                    -0.798425,
                    2.528477
                ],
                [
                    0.022984,
                    -0.994842,
                    -0.098793,
                    1.628604
                ],
                [
                    0.0,
                    0.0,
                    0.0,
                    1.0
                ]
            ]
        },
        {
            "file_path": "color_scaled/460.jpg",
            "transform_matrix": [
                [
                    -0.776592,
                    -0.062968,
                    0.626849,
                    2.102556
                ],
                [
                    -0.629728,
                    0.048117,
                    -0.775324,
                    2.603072
                ],
                [
                    0.018659,
                    -0.996855,
                    -0.07702,
                    1.62707
                ],
                [
                    0.0,
                    0.0,
                    0.0,
                    1.0
                ]
            ]
        },
        {
            "file_path": "color_scaled/470.jpg",
            "transform_matrix": [
                [
                    -0.725032,
                    -0.156344,
                    0.670734,
                    2.153152
                ],
                [
                    -0.688663,
                    0.152605,
                    -0.708841,
                    2.646904
                ],
                [
                    0.008466,
                    -0.975842,
                    -0.218312,
                    1.542942
                ],
                [
                    0.0,
                    0.0,
                    0.0,
                    1.0
                ]
            ]
        },
        {
            "file_path": "color_scaled/480.jpg",
            "transform_matrix": [
                [
                    -0.722563,
                    -0.217005,
                    0.656363,
                    2.198111
                ],
                [
                    -0.691286,
                    0.233932,
                    -0.683666,
                    2.606194
                ],
                [
                    -0.005185,
                    -0.947726,
                    -0.319043,
                    1.479612
                ],
                [
                    0.0,
                    0.0,
                    0.0,
                    1.0
                ]
            ]
        },
        {
            "file_path": "color_scaled/490.jpg",
            "transform_matrix": [
                [
                    -0.667297,
                    -0.29994,
                    0.681726,
                    2.257842
                ],
                [
                    -0.744786,
                    0.265176,
                    -0.612353,
                    2.545836
                ],
                [
                    0.002892,
                    -0.916361,
                    -0.400342,
                    1.421153
                ],
                [
                    0.0,
                    0.0,
                    0.0,
                    1.0
                ]
            ]
        },
        {
            "file_path": "color_scaled/500.jpg",
            "transform_matrix": [
                [
                    -0.646154,
                    -0.317747,
                    0.693918,
                    2.326525
                ],
                [
                    -0.763118,
                    0.255049,
                    -0.593802,
                    2.508022
                ],
                [
                    0.011696,
                    -0.913229,
                    -0.407279,
                    1.409025
                ],
                [
                    0.0,
                    0.0,
                    0.0,
                    1.0
                ]
            ]
        },
        {
            "file_path": "color_scaled/510.jpg",
            "transform_matrix": [
                [
                    -0.636433,
                    -0.389416,
                    0.665814,
                    2.377285
                ],
                [
                    -0.770516,
                    0.281284,
                    -0.572,
                    2.531311
                ],
                [
                    0.035463,
                    -0.87706,
                    -0.47907,
                    1.369337
                ],
                [
                    0.0,
                    0.0,
                    0.0,
                    1.0
                ]
            ]
        },
        {
            "file_path": "color_scaled/520.jpg",
            "transform_matrix": [
                [
                    -0.673645,
                    -0.40833,
                    0.61601,
                    2.447077
                ],
                [
                    -0.73842,
                    0.337339,
                    -0.583899,
                    2.689826
                ],
                [
                    0.030619,
                    -0.848215,
                    -0.528766,
                    1.336132
                ],
                [
                    0.0,
                    0.0,
                    0.0,
                    1.0
                ]
            ]
        },
        {
            "file_path": "color_scaled/530.jpg",
            "transform_matrix": [
                [
                    -0.744046,
                    -0.387152,
                    0.544526,
                    2.541718
                ],
                [
                    -0.66739,
                    0.392356,
                    -0.632967,
                    2.850052
                ],
                [
                    0.031407,
                    -0.834368,
                    -0.550312,
                    1.33088
                ],
                [
                    0.0,
                    0.0,
                    0.0,
                    1.0
                ]
            ]
        },
        {
            "file_path": "color_scaled/540.jpg",
            "transform_matrix": [
                [
                    -0.825601,
                    -0.298437,
                    0.478872,
                    2.668274
                ],
                [
                    -0.563594,
                    0.395103,
                    -0.725434,
                    2.924776
                ],
                [
                    0.027293,
