{"fl_x": 288.79533185185187, "fl_y": 288.17409950617287, "cx": 159.57902320987654, "cy": 121.46346469135801, "w": 320, "h": 240, "camera_angle_x": 1.011857219071672, "camera_angle_y": 0.7891532209744062, "aabb_scale": 2, "scale": 0.1, "offset": [0, 0.5, 0], "frames": [{"file_path": "color_scaled/0.jpg", "transform_matrix": [[0.295248, 0.388339, -0.872939, 2.981598], [0.000408, -0.91372, -0.406343, 1.368648], [-0.955421, 0.119616, -0.269932, 2.65583], [0.0, 0.0, 0.0, 1.0]]}, {"file_path": "color_scaled/50.jpg", "transform_matrix": [[0.544294, 0.462818, -0.699674, 3.275374], [-0.040486, -0.818578, -0.572966, 1.317796], [-0.837917, 0.340189, -0.426809, 2.542137], [0.0, 0.0, 0.0, 1.0]]}, {"file_path": "color_scaled/100.jpg", "transform_matrix": [[0.380379, 0.223266, -0.897477, 3.310602], [-0.018542, -0.968386, -0.248764, 1.486608], [-0.924645, 0.111265, -0.364214, 2.770857], [0.0, 0.0, 0.0, 1.0]]}, {"file_path": "color_scaled/150.jpg", "transform_matrix": [[0.239106, 0.094854, -0.966349, 3.024214], [-0.005972, -0.995055, -0.099149, 1.586361], [-0.970975, 0.029479, -0.237357, 2.875046], [0.0, 0.0, 0.0, 1.0]]}, {"file_path": "color_scaled/200.jpg", "transform_matrix": [[0.021522, 0.468625, -0.883135, 2.970711], [0.001355, -0.883352, -0.468708, 1.381318], [-0.999767, 0.008891, -0.019647, 2.782598], [0.0, 0.0, 0.0, 1.0]]}, {"file_path": "color_scaled/250.jpg", "transform_matrix": [[0.252036, 0.396703, -0.882669, 2.710055], [0.011459, -0.913273, -0.407186, 1.372191], [-0.96765, 0.092511, -0.234723, 3.549992], [0.0, 0.0, 0.0, 1.0]]}, {"file_path": "color_scaled/300.jpg", "transform_matrix": [[0.368335, 0.373043, -0.851568, 2.60139], [-0.018213, -0.912896, -0.407786, 1.410293], [-0.929515, 0.165711, -0.329458, 3.909958], [0.0, 0.0, 0.0, 1.0]]}, {"file_path": "color_scaled/350.jpg", "transform_matrix": [[-0.249493, 0.450793, -0.857052, 2.98553], [-0.024151, -0.887662, -0.459862, 1.395771], [-0.968075, -0.094034, 0.232353, 2.774188], [0.0, 0.0, 0.0, 1.0]]}, {"file_path": "color_scaled/400.jpg", "transform_matrix": [[-0.701932, 0.261859, -0.66236, 2.369823], [0.006307, -0.927641, -0.37342, 1.451244], [-0.712216, -0.266294, 0.64949, 2.050875], [0.0, 0.0, 0.0, 1.0]]}, {"file_path": "color_scaled/450.jpg", "transform_matrix": [[-0.598525, 0.06546, -0.798425, 2.528477], [0.022984, -0.994842, -0.098793, 1.628604], [-0.800775, -0.077481, 0.593933, 2.065269], [0.0, 0.0, 0.0, 1.0]]}, {"file_path": "color_scaled/500.jpg", "transform_matrix": [[-0.763118, 0.255049, -0.593802, 2.508022], [0.011696, -0.913229, -0.407279, 1.409025], [-0.646154, -0.317747, 0.693918, 2.326525], [0.0, 0.0, 0.0, 1.0]]}, {"file_path": "color_scaled/550.jpg", "transform_matrix": [[-0.410784, 0.41845, -0.810034, 2.989337], [-0.041799, -0.896165, -0.441747, 1.367523], [-0.910774, -0.147604, 0.385621, 2.914597], [0.0, 0.0, 0.0, 1.0]]}, {"file_path": "color_scaled/600.jpg", "transform_matrix": [[-0.355696, 0.311063, -0.881317, 3.3639], [-0.004339, -0.943526, -0.331269, 1.430381], [-0.934591, -0.114007, 0.336959, 3.257195], [0.0, 0.0, 0.0, 1.0]]}, {"file_path": "color_scaled/650.jpg", "transform_matrix": [[-0.768018, 0.03935, -0.639218, 3.016334], [0.044513, -0.992417, -0.114574, 1.62388], [-0.638879, -0.116448, 0.760443, 2.789756], [0.0, 0.0, 0.0, 1.0]]}, {"file_path": "color_scaled/700.jpg", "transform_matrix": [[-0.856598, 0.249291, -0.451768, 3.308887], [0.010214, -0.867181, -0.497888, 1.373103], [-0.515884, -0.431104, 0.74028, 2.668084], [0.0, 0.0, 0.0, 1.0]]}, {"file_path": "color_scaled/750.jpg", "transform_matrix": [[-0.796126, 0.288295, -0.532042, 3.733981], [0.035478, -0.855469, -0.516637, 1.382448], [-0.604089, -0.430184, 0.670834, 2.616863], [0.0, 0.0, 0.0, 1.0]]}, {"file_path": "color_scaled/800.jpg", "transform_matrix": [[-0.91732, 0.229263, -0.32552, 3.963778], [-0.030189, -0.855275, -0.517294, 1.425428], [-0.397006, -0.464697, 0.791482, 2.066907], [0.0, 0.0, 0.0, 1.0]]}, {"file_path": "color_scaled/850.jpg", "transform_matrix": [[-0.86369, 0.116704, -0.490326, 3.870717], [0.014359, -0.966732, -0.255387, 1.503609], [-0.503818, -0.227616, 0.833282, 2.813774], [0.0, 0.0, 0.0, 1.0]]}, {"file_path": "color_scaled/900.jpg", "transform_matrix": [[-0.618582, 0.12883, -0.775086, 3.675531], [-0.003919, -0.98696, -0.160919, 1.537271], [-0.78571, -0.096504, 0.611021, 3.894357], [0.0, 0.0, 0.0, 1.0]]}, {"file_path": "color_scaled/950.jpg", "transform_matrix": [[-0.245309, 0.334094, -0.910058, 4.103048], [0.00902, -0.937914, -0.346751, 1.373106], [-0.969403, -0.09327, 0.227065, 4.800547], [0.0, 0.0, 0.0, 1.0]]}, {"file_path": "color_scaled/1000.jpg", "transform_matrix": [[-0.212311, 0.555237, -0.804137, 4.300701], [-0.010268, -0.824119, -0.566323, 1.304926], [-0.977148, -0.11198, 0.180671, 5.065898], [0.0, 0.0, 0.0, 1.0]]}, {"file_path": "color_scaled/1050.jpg", "transform_matrix": [[-0.812515, 0.233342, -0.534202, 4.056442], [-0.049281, -0.940606, -0.335906, 1.463479], [-0.580854, -0.246602, 0.775755, 4.205663], [0.0, 0.0, 0.0, 1.0]]}, {"file_path": "color_scaled/1100.jpg", "transform_matrix": [[-0.95387, 0.080332, -0.289273, 3.772761], [-0.051389, -0.993005, -0.106306, 1.589598], [-0.295789, -0.086536, 0.951326, 3.820993], [0.0, 0.0, 0.0, 1.0]]}, {"file_path": "color_scaled/1150.jpg", "transform_matrix": [[-0.997843, 0.057429, -0.031797, 3.884214], [-0.041061, -0.923975, -0.380243, 1.388412], [-0.051216, -0.378117, 0.92434, 4.296407], [0.0, 0.0, 0.0, 1.0]]}, {"file_path": "color_scaled/1200.jpg", "transform_matrix": [[-0.983718, 0.064587, -0.167711, 4.364758], [-0.042846, -0.990566, -0.130165, 1.489432], [-0.174536, -0.12086, 0.977205, 4.733885], [0.0, 0.0, 0.0, 1.0]]}, {"file_path": "color_scaled/1250.jpg", "transform_matrix": [[-0.97392, 0.053853, -0.220409, 4.442666], [-0.01832, -0.986916, -0.160188, 1.50336], [-0.226152, -0.151972, 0.962164, 4.992695], [0.0, 0.0, 0.0, 1.0]]}, {"file_path": "color_scaled/1300.jpg", "transform_matrix": [[-0.946278, 0.096361, -0.308663, 4.35836], [-0.043637, -0.983888, -0.17338, 1.50939], [-0.320397, -0.150597, 0.935236, 4.569824], [0.0, 0.0, 0.0, 1.0]]}, {"file_path": "color_scaled/1350.jpg", "transform_matrix": [[-0.993541, -0.033654, 0.108371, 4.361369], [-0.001299, -0.951575, -0.307413, 1.403169], [0.113469, -0.305568, 0.945385, 4.658408], [0.0, 0.0, 0.0, 1.0]]}, {"file_path": "color_scaled/1400.jpg", "transform_matrix": [[-0.882401, -0.155385, 0.444098, 4.149612], [0.009462, -0.949561, -0.31344, 1.394823], [0.470402, -0.272378, 0.839364, 4.880858], [0.0, 0.0, 0.0, 1.0]]}, {"file_path": "color_scaled/1450.jpg", "transform_matrix": [[-0.714393, -0.138472, 0.685908, 3.991222], [-0.021129, -0.975509, -0.218943, 1.467088], [0.699427, -0.170903, 0.693971, 5.274116], [0.0, 0.0, 0.0, 1.0]]}, {"file_path": "color_scaled/1500.jpg", "transform_matrix": [[-0.720628, -0.030199, 0.692664, 4.172162], [-0.027147, -0.997056, -0.071713, 1.548775], [0.69279, -0.070482, 0.717687, 5.334282], [0.0, 0.0, 0.0, 1.0]]}, {"file_path": "color_scaled/1550.jpg", "transform_matrix": [[-0.86497, -0.165611, 0.473709, 4.50797], [0.015756, -0.952472, -0.304219, 1.374392], [0.501576, -0.255677, 0.826469, 5.042155], [0.0, 0.0, 0.0, 1.0]]}, {"file_path": "color_scaled/1600.jpg", "transform_matrix": [[-0.984788, -0.044575, 0.167948, 5.070618], [0.004824, -0.973178, -0.230002, 1.447841], [0.173695, -0.225693, 0.958589, 4.874616], [0.0, 0.0, 0.0, 1.0]]}, {"file_path": "color_scaled/1650.jpg", "transform_matrix": [[-0.941067, -0.066776, 0.331563, 4.975587], [-0.012994, -0.972454, -0.232731, 1.442318], [0.33797, -0.223324, 0.914277, 4.847322], [0.0, 0.0, 0.0, 1.0]]}, {"file_path": "color_scaled/1700.jpg", "transform_matrix": [[-0.582015, -0.234072, 0.778761, 4.519892], [-0.027997, -0.95134, -0.306868, 1.414333], [0.812696, -0.200404, 0.547141, 5.179206], [0.0, 0.0, 0.0, 1.0]]}, {"file_path": "color_scaled/1750.jpg", "transform_matrix": [[-0.563018, 0.032356, 0.825812, 4.488553], [-0.029871, -0.999377, 0.018792, 1.603369], [0.825905, -0.014088, 0.563633, 5.224458], [0.0, 0.0, 0.0, 1.0]]}, {"file_path": "color_scaled/1800.jpg", "transform_matrix": [[-0.245492, -0.37873, 0.892355, 4.277424], [-0.028168, -0.917348, -0.397087, 1.348635], [0.968989, -0.122618, 0.214534, 5.338044], [0.0, 0.0, 0.0, 1.0]]}, {"file_path": "color_scaled/1850.jpg", "transform_matrix": [[0.012116, -0.390842, 0.920378, 4.158489], [0.005811, -0.920402, -0.390929, 1.348528], [0.99991, 0.010085, -0.00888, 5.318492], [0.0, 0.0, 0.0, 1.0]]}, {"file_path": "color_scaled/1900.jpg", "transform_matrix": [[0.728493, -0.274916, 0.62747, 4.344873], [0.00704, -0.912891, -0.408142, 1.375339], [0.685017, 0.301746, -0.6631, 5.868774], [0.0, 0.0, 0.0, 1.0]]}, {"file_path": "color_scaled/1950.jpg", "transform_matrix": [[0.842383, -0.169967, 0.511373, 4.102942], [-0.004264, -0.951029, -0.309072, 1.412308], [0.538862, 0.258177, -0.801856, 5.722138], [0.0, 0.0, 0.0, 1.0]]}, {"file_path": "color_scaled/2000.jpg", "transform_matrix": [[0.926135, -0.167975, 0.337726, 4.013722], [-0.018614, -0.914628, -0.403867, 1.36565], [0.376733, 0.367749, -0.850196, 5.543365], [0.0, 0.0, 0.0, 1.0]]}, {"file_path": "color_scaled/2050.jpg", "transform_matrix": [[0.981108, -0.126237, 0.146598, 3.706691], [-0.038725, -0.87058, -0.4905, 1.352645], [0.189544, 0.475557, -0.859022, 4.855159], [0.0, 0.0, 0.0, 1.0]]}, {"file_path": "color_scaled/2100.jpg", "transform_matrix": [[0.999651, -0.012849, -0.023066, 3.763489], [-0.020362, -0.931291, -0.363707, 1.407704], [-0.016808, 0.364049, -0.931228, 4.212098], [0.0, 0.0, 0.0, 1.0]]}, {"file_path": "color_scaled/2150.jpg", "transform_matrix": [[0.848155, 0.229632, -0.47739, 3.741102], [0.000317, -0.901385, -0.433018, 1.345436], [-0.529747, 0.367115, -0.764588, 3.676285], [0.0, 0.0, 0.0, 1.0]]}, {"file_path": "color_scaled/2200.jpg", "transform_matrix": [[0.351069, 0.448226, -0.822097, 3.537741], [0.013866, -0.880373, -0.474078, 1.362328], [-0.936247, 0.155035, -0.315287, 3.008591], [0.0, 0.0, 0.0, 1.0]]}, {"file_path": "color_scaled/2250.jpg", "transform_matrix": [[-0.005851, 0.34004, -0.940393, 3.323349], [-0.028046, -0.940095, -0.339758, 1.453441], [-0.999589, 0.024386, 0.015037, 3.006114], [0.0, 0.0, 0.0, 1.0]]}, {"file_path": "color_scaled/2300.jpg", "transform_matrix": [[0.23852, 0.437668, -0.866923, 3.144546], [0.036078, -0.896065, -0.442454, 1.375546], [-0.970467, 0.074258, -0.22952, 3.117307], [0.0, 0.0, 0.0, 1.0]]}, {"file_path": "color_scaled/2350.jpg", "transform_matrix": [[0.905102, 0.143802, -0.400139, 3.267799], [-0.060632, -0.887806, -0.456207, 1.384862], [-0.420849, 0.437175, -0.794836, 3.32987], [0.0, 0.0, 0.0, 1.0]]}, {"file_path": "color_scaled/2400.jpg", "transform_matrix": [[0.987345, -0.10225, 0.121224, 3.049254], [-0.021477, -0.84356, -0.536605, 1.345359], [0.157127, 0.527211, -0.835081, 3.335129], [0.0, 0.0, 0.0, 1.0]]}, {"file_path": "color_scaled/2450.jpg", "transform_matrix": [[0.783553, -0.342252, 0.518564, 2.955766], [-0.064775, -0.875058, -0.479664, 1.406681], [0.617939, 0.342252, -0.707824, 3.005924], [0.0, 0.0, 0.0, 1.0]]}, {"file_path": "color_scaled/2500.jpg", "transform_matrix": [[0.862427, -0.198795, 0.465511, 3.54513], [-0.043613, -0.945415, -0.322937, 1.470466], [0.5043, 0.258207, -0.824022, 2.774488], [0.0, 0.0, 0.0, 1.0]]}, {"file_path": "color_scaled/2550.jpg", "transform_matrix": [[0.840155, -0.073767, 0.537306, 3.829365], [-0.064322, -0.997267, -0.036338, 1.630716], [0.538518, -0.004031, -0.842604, 2.887635], [0.0, 0.0, 0.0, 1.0]]}, {"file_path": "color_scaled/2600.jpg", "transform_matrix": [[0.594139, -0.262474, 0.760333, 3.636337], [-0.002518, -0.945864, -0.324553, 1.452606], [0.804358, 0.190915, -0.562636, 2.743255], [0.0, 0.0, 0.0, 1.0]]}, {"file_path": "color_scaled/2650.jpg", "transform_matrix": [[0.352813, -0.382705, 0.85385, 3.463777], [-0.054343, -0.919372, -0.389617, 1.363927], [0.934114, 0.091061, -0.345164, 2.475487], [0.0, 0.0, 0.0, 1.0]]}, {"file_path": "color_scaled/2700.jpg", "transform_matrix": [[-0.026468, -0.506515, 0.861825, 3.126448], [-0.022557, -0.861605, -0.507078, 1.340896], [0.999395, -0.032861, 0.011379, 1.977913], [0.0, 0.0, 0.0, 1.0]]}, {"file_path": "color_scaled/2750.jpg", "transform_matrix": [[0.146058, -0.238441, 0.960111, 3.658348], [-0.015193, -0.970945, -0.23882, 1.515106], [0.989159, 0.020294, -0.145437, 2.044739], [0.0, 0.0, 0.0, 1.0]]}, {"file_path": "color_scaled/2800.jpg", "transform_matrix": [[0.063864, -0.114355, 0.991385, 4.234248], [-0.000301, -0.993415, -0.11457, 1.615705], [0.997959, 0.007019, -0.063478, 2.498353], [0.0, 0.0, 0.0, 1.0]]}, {"file_path": "color_scaled/2850.jpg", "transform_matrix": [[-0.132356, -0.385366, 0.913223, 4.187851], [0.048711, -0.922744, -0.382324, 1.347374], [0.990005, -0.006119, 0.140903, 1.910158], [0.0, 0.0, 0.0, 1.0]]}, {"file_path": "color_scaled/2900.jpg", "transform_matrix": [[-0.539186, -0.335734, 0.772374, 4.708111], [0.034657, -0.925173, -0.377959, 1.375568], [0.841474, -0.177022, 0.510476, 1.679509], [0.0, 0.0, 0.0, 1.0]]}, {"file_path": "color_scaled/2950.jpg", "transform_matrix": [[-0.908764, -0.173575, 0.379499, 5.365909], [0.027354, -0.932214, -0.360872, 1.379485], [0.416412, -0.317566, 0.851911, 1.795663], [0.0, 0.0, 0.0, 1.0]]}, {"file_path": "color_scaled/3000.jpg", "transform_matrix": [[-0.985853, 0.103116, -0.132138, 6.0398], [-0.03721, -0.903337, -0.427315, 1.342578], [-0.163428, -0.416353, 0.894395, 1.902211], [0.0, 0.0, 0.0, 1.0]]}, {"file_path": "color_scaled/3050.jpg", "transform_matrix": [[-0.722932, 0.322168, -0.611209, 6.205113], [0.00442, -0.882458, -0.470371, 1.332352], [-0.690905, -0.342748, 0.636533, 1.783959], [0.0, 0.0, 0.0, 1.0]]}, {"file_path": "color_scaled/3100.jpg", "transform_matrix": [[-0.620128, 0.496604, -0.60731, 6.233646], [-0.007904, -0.778052, -0.62815, 1.281584], [-0.784461, -0.384733, 0.486417, 1.686325], [0.0, 0.0, 0.0, 1.0]]}, {"file_path": "color_scaled/3150.jpg", "transform_matrix": [[-0.962954, 0.179073, -0.201625, 6.270647], [-0.020249, -0.793588, -0.608118, 1.26151], [-0.268905, -0.581507, 0.767815, 1.595811], [0.0, 0.0, 0.0, 1.0]]}, {"file_path": "color_scaled/3200.jpg", "transform_matrix": [[-0.996333, 0.084617, -0.012664, 6.236961], [-0.062227, -0.818236, -0.571505, 1.354646], [-0.058721, -0.568621, 0.820501, 1.537877], [0.0, 0.0, 0.0, 1.0]]}, {"file_path": "color_scaled/3250.jpg", "transform_matrix": [[-0.199705, 0.582264, -0.78809, 5.780771], [-0.063439, -0.810287, -0.582589, 1.318795], [-0.9778, -0.06635, 0.198757, 1.709486], [0.0, 0.0, 0.0, 1.0]]}, {"file_path": "color_scaled/3300.jpg", "transform_matrix": [[0.311358, 0.490659, -0.813824, 5.667188], [-0.0317, -0.850554, -0.524931, 1.345956], [-0.949764, 0.189239, -0.249273, 1.975738], [0.0, 0.0, 0.0, 1.0]]}, {"file_path": "color_scaled/3350.jpg", "transform_matrix": [[0.45607, 0.411149, -0.789276, 5.076549], [0.004476, -0.887932, -0.459954, 1.360256], [-0.889933, 0.206238, -0.406799, 2.010886], [0.0, 0.0, 0.0, 1.0]]}, {"file_path": "color_scaled/3400.jpg", "transform_matrix": [[0.099963, 0.507168, -0.85603, 4.092897], [-0.015663, -0.859431, -0.511012, 1.335588], [-0.994868, 0.06449, -0.077967, 2.065893], [0.0, 0.0, 0.0, 1.0]]}, {"file_path": "color_scaled/3450.jpg", "transform_matrix": [[-0.373096, 0.471119, -0.799279, 3.480742], [-0.008043, -0.863094, -0.504979, 1.382972], [-0.927758, -0.181977, 0.325806, 2.092557], [0.0, 0.0, 0.0, 1.0]]}, {"file_path": "color_scaled/3500.jpg", "transform_matrix": [[-0.933199, 0.223038, -0.281769, 3.126797], [-0.028237, -0.827172, -0.56124, 1.350201], [-0.358249, -0.515792, 0.778214, 2.185189], [0.0, 0.0, 0.0, 1.0]]}, {"file_path": "color_scaled/3550.jpg", "transform_matrix": [[-0.984506, 0.126043, -0.121902, 3.667881], [-0.060094, -0.895629, -0.440723, 1.447285], [-0.164729, -0.426569, 0.889328, 2.670644], [0.0, 0.0, 0.0, 1.0]]}, {"file_path": "color_scaled/3600.jpg", "transform_matrix": [[-0.961511, 0.079466, -0.263023, 3.95622], [-0.008557, -0.96546, -0.260409, 1.466031], [-0.274632, -0.248136, 0.928981, 3.65673], [0.0, 0.0, 0.0, 1.0]]}, {"file_path": "color_scaled/3650.jpg", "transform_matrix": [[-0.889953, 0.189754, -0.414702, 4.306962], [-0.062045, -0.951251, -0.302112, 1.430729], [-0.451812, -0.243135, 0.858342, 4.377215], [0.0, 0.0, 0.0, 1.0]]}, {"file_path": "color_scaled/3700.jpg", "transform_matrix": [[-0.920561, 0.153017, -0.35938, 4.357106], [-0.009881, -0.9289, -0.370199, 1.355138], [-0.390475, -0.337239, 0.856621, 4.738183], [0.0, 0.0, 0.0, 1.0]]}, {"file_path": "color_scaled/3750.jpg", "transform_matrix": [[-0.828661, 0.219866, -0.514761, 4.322437], [0.010841, -0.91315, -0.407479, 1.33422], [-0.559645, -0.343243, 0.754309, 5.639787], [0.0, 0.0, 0.0, 1.0]]}, {"file_path": "color_scaled/3800.jpg", "transform_matrix": [[-0.863897, 0.169336, -0.47435, 3.982952], [0.009866, -0.935919, -0.352077, 1.407754], [-0.503572, -0.308839, 0.806867, 6.222119], [0.0, 0.0, 0.0, 1.0]]}, {"file_path": "color_scaled/3850.jpg", "transform_matrix": [[-0.886211, 0.162195, -0.433962, 3.824942], [0.014708, -0.92639, -0.376277, 1.441668], [-0.463048, -0.339843, 0.818592, 6.32724], [0.0, 0.0, 0.0, 1.0]]}, {"file_path": "color_scaled/3900.jpg", "transform_matrix": [[-0.455964, 0.467735, -0.757179, 3.779245], [0.018495, -0.845601, -0.533494, 1.340162], [-0.889806, -0.257258, 0.376913, 6.675384], [0.0, 0.0, 0.0, 1.0]]}, {"file_path": "color_scaled/3950.jpg", "transform_matrix": [[0.263807, 0.51905, -0.813015, 3.908176], [-0.005882, -0.841991, -0.539459, 1.313409], [-0.964558, 0.147095, -0.21907, 6.865997], [0.0, 0.0, 0.0, 1.0]]}, {"file_path": "color_scaled/4000.jpg", "transform_matrix": [[0.38709, 0.23491, -0.891616, 4.026194], [-0.016287, -0.965108, -0.261344, 1.453192], [-0.921898, 0.115685, -0.369758, 6.88168], [0.0, 0.0, 0.0, 1.0]]}, {"file_path": "color_scaled/4050.jpg", "transform_matrix": [[0.249639, 0.508611, -0.824012, 4.23918], [0.002261, -0.851258, -0.524743, 1.317496], [-0.968336, 0.129134, -0.213657, 6.70451], [0.0, 0.0, 0.0, 1.0]]}, {"file_path": "color_scaled/4100.jpg", "transform_matrix": [[0.053725, 0.529138, -0.846833, 4.604371], [0.011531, -0.84833, -0.529342, 1.313353], [-0.998489, 0.018674, -0.051678, 6.35437], [0.0, 0.0, 0.0, 1.0]]}, {"file_path": "color_scaled/4150.jpg", "transform_matrix": [[-0.715473, 0.339232, -0.610754, 4.549222], [0.019417, -0.86421, -0.502756, 1.311118], [-0.698371, -0.371567, 0.611732, 5.326324], [0.0, 0.0, 0.0, 1.0]]}, {"file_path": "color_scaled/4200.jpg", "transform_matrix": [[-0.998671, 0.042535, -0.029102, 4.257462], [-0.025698, -0.90044, -0.434221, 1.365294], [-0.044674, -0.432896, 0.900336, 4.513284], [0.0, 0.0, 0.0, 1.0]]}, {"file_path": "color_scaled/4250.jpg", "transform_matrix": [[-0.907782, -0.075438, 0.412602, 4.12945], [-0.002712, -0.982617, -0.185623, 1.451249], [0.419433, -0.169624, 0.891798, 4.748231], [0.0, 0.0, 0.0, 1.0]]}, {"file_path": "color_scaled/4300.jpg", "transform_matrix": [[-0.560359, -0.228324, 0.796157, 4.177344], [-0.021902, -0.956831, -0.289818, 1.379038], [0.82796, -0.179839, 0.531168, 4.97542], [0.0, 0.0, 0.0, 1.0]]}, {"file_path": "color_scaled/4350.jpg", "transform_matrix": [[-0.33545, -0.258941, 0.905772, 4.817031], [-0.064414, -0.952927, -0.296277, 1.423536], [0.939854, -0.15773, 0.30298, 5.142324], [0.0, 0.0, 0.0, 1.0]]}, {"file_path": "color_scaled/4400.jpg", "transform_matrix": [[-0.463872, -0.011227, 0.885831, 5.264995], [0.020017, -0.999797, -0.00219, 1.596138], [0.885676, 0.016716, 0.464002, 5.105248], [0.0, 0.0, 0.0, 1.0]]}, {"file_path": "color_scaled/4450.jpg", "transform_matrix": [[-0.294853, -0.295514, 0.908699, 5.730999], [-0.021512, -0.948683, -0.315497, 1.398974], [0.955301, -0.112573, 0.273365, 5.297307], [0.0, 0.0, 0.0, 1.0]]}, {"file_path": "color_scaled/4500.jpg", "transform_matrix": [[-0.28307, -0.289092, 0.914493, 6.200749], [-0.000424, -0.953453, -0.30154, 1.420411], [0.9591, -0.085744, 0.269771, 5.276302], [0.0, 0.0, 0.0, 1.0]]}, {"file_path": "color_scaled/4550.jpg", "transform_matrix": [[-0.414777, 0.008153, 0.909887, 6.479537], [0.028627, -0.999348, 0.022005, 1.604324], [0.909473, 0.035175, 0.414273, 5.186638], [0.0, 0.0, 0.0, 1.0]]}, {"file_path": "color_scaled/4600.jpg", "transform_matrix": [[-0.42349, -0.257482, 0.868539, 6.56386], [0.002754, -0.959118, -0.282992, 1.466087], [0.905897, -0.117452, 0.406886, 5.20731], [0.0, 0.0, 0.0, 1.0]]}, {"file_path": "color_scaled/4650.jpg", "transform_matrix": [[-0.540173, -0.316388, 0.779815, 7.023971], [-0.002052, -0.926139, -0.377176, 1.401074], [0.841551, -0.20534, 0.499627, 5.171957], [0.0, 0.0, 0.0, 1.0]]}, {"file_path": "color_scaled/4700.jpg", "transform_matrix": [[-0.997792, 0.038299, 0.054254, 7.403262], [-0.058639, -0.89158, -0.449052, 1.398407], [0.031173, -0.451242, 0.891857, 5.113794], [0.0, 0.0, 0.0, 1.0]]}, {"file_path": "color_scaled/4750.jpg", "transform_matrix": [[-0.761311, 0.382554, -0.523506, 7.640748], [-0.067609, -0.849833, -0.522698, 1.42448], [-0.644853, -0.362542, 0.672851, 5.159069], [0.0, 0.0, 0.0, 1.0]]}, {"file_path": "color_scaled/4800.jpg", "transform_matrix": [[-0.990297, 0.101383, -0.095043, 7.296839], [-0.038245, -0.856347, -0.514983, 1.357297], [-0.1336, -0.506351, 0.851915, 5.154573], [0.0, 0.0, 0.0, 1.0]]}, {"file_path": "color_scaled/4850.jpg", "transform_matrix": [[-0.48768, -0.447134, 0.749827, 6.828386], [0.025018, -0.865691, -0.499954, 1.34818], [0.872664, -0.225058, 0.433366, 5.284884], [0.0, 0.0, 0.0, 1.0]]}, {"file_path": "color_scaled/4900.jpg", "transform_matrix": [[0.262883, -0.41866, 0.869262, 6.437137], [0.054263, -0.893109, -0.446556, 1.377241], [0.963301, 0.16456, -0.212065, 5.496466], [0.0, 0.0, 0.0, 1.0]]}, {"file_path": "color_scaled/4950.jpg", "transform_matrix": [[0.63242, -0.135622, 0.762661, 6.469518], [0.073128, -0.969704, -0.233079, 1.52156], [0.771167, 0.203175, -0.603342, 5.50363], [0.0, 0.0, 0.0, 1.0]]}, {"file_path": "color_scaled/5000.jpg", "transform_matrix": [[0.694738, -0.302369, 0.652619, 6.289849], [0.03058, -0.894107, -0.446808, 1.396724], [0.718612, 0.330372, -0.611924, 5.582117], [0.0, 0.0, 0.0, 1.0]]}, {"file_path": "color_scaled/5050.jpg", "transform_matrix": [[0.710694, -0.331693, 0.620398, 5.911901], [0.030963, -0.866269, -0.498617, 1.355092], [0.70282, 0.373573, -0.605382, 5.73751], [0.0, 0.0, 0.0, 1.0]]}, {"file_path": "color_scaled/5100.jpg", "transform_matrix": [[0.818012, -0.217934, 0.532316, 5.481128], [0.037291, -0.903404, -0.427166, 1.389965], [0.573991, 0.369278, -0.730868, 5.94643], [0.0, 0.0, 0.0, 1.0]]}, {"file_path": "color_scaled/5150.jpg", "transform_matrix": [[0.822782, -0.245634, 0.512537, 5.200008], [0.017863, -0.890165, -0.455289, 1.350859], [0.568077, 0.383759, -0.728024, 6.004608], [0.0, 0.0, 0.0, 1.0]]}, {"file_path": "color_scaled/5200.jpg", "transform_matrix": [[0.870253, -0.127548, 0.475805, 5.270303], [0.045148, -0.94118, -0.334876, 1.45894], [0.490531, 0.312909, -0.813307, 6.221233], [0.0, 0.0, 0.0, 1.0]]}, {"file_path": "color_scaled/5250.jpg", "transform_matrix": [[0.975325, -0.086717, 0.20303, 5.049933], [0.010446, -0.900473, -0.434787, 1.406429], [0.220526, 0.42618, -0.877348, 6.1463], [0.0, 0.0, 0.0, 1.0]]}, {"file_path": "color_scaled/5300.jpg", "transform_matrix": [[0.945886, -0.065655, 0.317787, 4.525789], [0.046443, -0.941846, -0.332821, 1.401713], [0.321158, 0.32957, -0.88783, 5.661819], [0.0, 0.0, 0.0, 1.0]]}, {"file_path": "color_scaled/5350.jpg", "transform_matrix": [[0.875028, -0.075751, 0.478109, 4.337415], [0.073092, -0.95568, -0.28519, 1.403085], [0.478522, 0.284495, -0.83071, 5.176855], [0.0, 0.0, 0.0, 1.0]]}, {"file_path": "color_scaled/5400.jpg", "transform_matrix": [[0.979782, -0.011133, 0.199761, 3.962916], [0.08448, -0.882055, -0.46351, 1.342182], [0.181361, 0.471014, -0.863281, 4.368148], [0.0, 0.0, 0.0, 1.0]]}, {"file_path": "color_scaled/5450.jpg", "transform_matrix": [[0.888002, 0.188642, -0.419365, 4.132927], [0.009582, -0.919373, -0.393271, 1.365928], [-0.45974, 0.345207, -0.818212, 3.786634], [0.0, 0.0, 0.0, 1.0]]}, {"file_path": "color_scaled/5500.jpg", "transform_matrix": [[0.595226, 0.387119, -0.704163, 3.789452], [0.015962, -0.881829, -0.471299, 1.350624], [-0.8034, 0.269289, -0.531067, 3.160136], [0.0, 0.0, 0.0, 1.0]]}, {"file_path": "color_scaled/5550.jpg", "transform_matrix": [[0.026974, 0.395643, -0.918008, 3.192867], [0.008983, -0.918401, -0.395548, 1.403724], [-0.999596, 0.002423, -0.028327, 2.869053], [0.0, 0.0, 0.0, 1.0]]}]}