{
    "fl_x": 288.79533185185187,
    "fl_y": 288.17409950617287,
    "cx": 159.57902320987654,
    "cy": 121.46346469135801,
    "w": 320,
    "h": 240,
    "camera_angle_x": 1.011857219071672,
    "camera_angle_y": 0.7891532209744062,
    "aabb_scale": 16,
    "scale": 0.33,
    "offset": [
        0,
        0,
        0
    ],
    "frames": [
        {
            "file_path": "color_scaled/100.jpg",
            "transform_matrix": [
                [
                    -0.924645,
                    0.111265,
                    -0.364214,
                    2.770857
                ],
                [
                    0.380379,
                    0.223266,
                    -0.897477,
                    3.310602
                ],
                [
                    -0.018542,
                    -0.968386,
                    -0.248764,
                    1.486608
                ],
                [
                    0.0,
                    0.0,
                    0.0,
                    1.0
                ]
            ]
        },
        {
            "file_path": "color_scaled/101.jpg",
            "transform_matrix": [
                [
                    -0.924977,
                    0.108788,
                    -0.36412,
                    2.775672
                ],
                [
                    0.379623,
                    0.220541,
                    -0.89847,
                    3.303824
                ],
                [
                    -0.01744,
                    -0.969292,
                    -0.245293,
                    1.505006
                ],
                [
                    0.0,
                    0.0,
                    0.0,
                    1.0
                ]
            ]
        },
        {
            "file_path": "color_scaled/102.jpg",
            "transform_matrix": [
                [
                    -0.925242,
                    0.104224,
                    -0.36478,
                    2.779553
                ],
                [
                    0.379095,
                    0.21693,
                    -0.899571,
                    3.296045
                ],
                [
                    -0.014625,
                    -0.970607,
                    -0.240224,
                    1.521154
                ],
                [
                    0.0,
                    0.0,
                    0.0,
                    1.0
                ]
            ]
        },
        {
            "file_path": "color_scaled/103.jpg",
            "transform_matrix": [
                [
                    -0.926224,
                    0.09906,
                    -0.363726,
                    2.779858
                ],
                [
                    0.376709,
                    0.207079,
                    -0.902889,
                    3.294848
                ],
                [
                    -0.01412,
                    -0.973296,
                    -0.229118,
                    1.520085
                ],
                [
                    0.0,
                    0.0,
                    0.0,
                    1.0
                ]
            ]
        },
        {
            "file_path": "color_scaled/104.jpg",
            "transform_matrix": [
                [
                    -0.927226,
                    0.094991,
                    -0.362254,
                    2.781774
                ],
                [
                    0.374275,
                    0.201395,
                    -0.905184,
                    3.289534
                ],
                [
                    -0.013029,
                    -0.974893,
                    -0.222292,
                    1.529017
                ],
                [
                    0.0,
                    0.0,
                    0.0,
                    1.0
                ]
            ]
        },
        {
            "file_path": "color_scaled/105.jpg",
            "transform_matrix": [
                [
                    -0.928829,
                    0.090234,
                    -0.359353,
                    2.781862
                ],
                [
                    0.370308,
                    0.194196,
                    -0.908383,
                    3.287537
                ],
                [
                    -0.012182,
                    -0.976804,
                    -0.21379,
                    1.535226
                ],
                [
                    0.0,
                    0.0,
                    0.0,
                    1.0
                ]
            ]
        },
        {
            "file_path": "color_scaled/106.jpg",
            "transform_matrix": [
                [
                    -0.931099,
                    0.0872,
                    -0.354191,
                    2.776091
                ],
                [
                    0.364541,
                    0.188318,
                    -0.911946,
                    3.285171
                ],
                [
                    -0.012821,
                    -0.978229,
                    -0.207131,
                    1.541196
                ],
                [
                    0.0,
                    0.0,
                    0.0,
                    1.0
                ]
            ]
        },
        {
            "file_path": "color_scaled/107.jpg",
            "transform_matrix": [
                [
                    -0.931909,
                    0.081489,
                    -0.35342,
                    2.780418
                ],
                [
                    0.362557,
                    0.182604,
                    -0.913897,
                    3.279043
                ],
                [
                    -0.009936,
                    -0.979804,
                    -0.199715,
                    1.544061
                ],
                [
                    0.0,
                    0.0,
                    0.0,
                    1.0
                ]
            ]
        },
        {
            "file_path": "color_scaled/108.jpg",
            "transform_matrix": [
                [
                    -0.933441,
                    0.079367,
                    -0.349841,
                    2.77633
                ],
                [
                    0.358609,
                    0.18104,
                    -0.915764,
                    3.272144
                ],
                [
                    -0.009346,
                    -0.980268,
                    -0.197452,
                    1.555484
                ],
                [
                    0.0,
                    0.0,
                    0.0,
                    1.0
                ]
            ]
        },
        {
            "file_path": "color_scaled/109.jpg",
            "transform_matrix": [
                [
                    -0.934366,
                    0.075379,
                    -0.348251,
                    2.776333
                ],
                [
                    0.356215,
                    0.174485,
                    -0.917968,
                    3.268996
                ],
                [
                    -0.008431,
                    -0.98177,
                    -0.189884,
                    1.553288
                ],
                [
                    0.0,
                    0.0,
                    0.0,
                    1.0
                ]
            ]
        },
        {
            "file_path": "color_scaled/110.jpg",
            "transform_matrix": [
                [
                    -0.937863,
                    0.066761,
                    -0.340523,
                    2.76401
                ],
                [
                    0.346953,
                    0.163279,
                    -0.92356,
                    3.268641
                ],
                [
                    -0.006058,
                    -0.984318,
                    -0.176296,
                    1.536595
                ],
                [
                    0.0,
                    0.0,
                    0.0,
                    1.0
                ]
            ]
        },
        {
            "file_path": "color_scaled/111.jpg",
            "transform_matrix": [
                [
                    -0.939599,
                    0.064372,
                    -0.33617,
                    2.760085
                ],
                [
                    0.342218,
                    0.15839,
                    -0.926175,
                    3.260999
                ],
                [
                    -0.006373,
                    -0.985276,
                    -0.170853,
                    1.545865
                ],
                [
                    0.0,
                    0.0,
                    0.0,
                    1.0
                ]
            ]
        },
        {
            "file_path": "color_scaled/112.jpg",
            "transform_matrix": [
                [
                    -0.941229,
                    0.06056,
                    -0.332295,
                    2.755547
                ],
                [
                    0.33771,
                    0.15049,
                    -0.929142,
                    3.255399
                ],
                [
                    -0.006262,
                    -0.986755,
                    -0.162097,
                    1.55103
                ],
                [
                    0.0,
                    0.0,
                    0.0,
                    1.0
                ]
            ]
        },
        {
            "file_path": "color_scaled/113.jpg",
            "transform_matrix": [
                [
                    -0.942095,
                    0.056352,
                    -0.330578,
                    2.752737
                ],
                [
                    0.335287,
                    0.139619,
                    -0.931713,
                    3.248223
                ],
                [
                    -0.006349,
                    -0.9886,
                    -0.150429,
                    1.551009
                ],
                [
                    0.0,
                    0.0,
                    0.0,
                    1.0
                ]
            ]
        },
        {
            "file_path": "color_scaled/114.jpg",
            "transform_matrix": [
                [
                    -0.942695,
                    0.052288,
                    -0.329534,
                    2.74966
                ],
                [
                    0.333605,
                    0.130387,
                    -0.933652,
                    3.241897
                ],
                [
                    -0.005852,
                    -0.990083,
                    -0.140359,
                    1.556635
                ],
                [
                    0.0,
                    0.0,
                    0.0,
                    1.0
                ]
            ]
        },
        {
            "file_path": "color_scaled/115.jpg",
            "transform_matrix": [
                [
                    -0.942788,
                    0.047607,
                    -0.329975,
                    2.745205
                ],
                [
                    0.333358,
                    0.120547,
                    -0.935062,
                    3.236119
                ],
                [
                    -0.004738,
                    -0.991565,
                    -0.12952,
                    1.55842
                ],
                [
                    0.0,
                    0.0,
                    0.0,
                    1.0
                ]
            ]
        },
        {
            "file_path": "color_scaled/116.jpg",
            "transform_matrix": [
                [
                    -0.943099,
                    0.044319,
                    -0.329546,
                    2.734974
                ],
                [
                    0.332469,
                    0.109601,
                    -0.936724,
                    3.231345
                ],
                [
                    -0.005396,
                    -0.992987,
                    -0.118099,
                    1.559986
                ],
                [
                    0.0,
                    0.0,
                    0.0,
                    1.0
                ]
            ]
        },
        {
            "file_path": "color_scaled/117.jpg",
            "transform_matrix": [
                [
                    -0.942617,
                    0.041088,
                    -0.331337,
                    2.72567
                ],
                [
                    0.33386,
                    0.10636,
                    -0.936603,
                    3.225917
                ],
                [
                    -0.003242,
                    -0.993478,
                    -0.113975,
                    1.577464
                ],
                [
                    0.0,
                    0.0,
                    0.0,
                    1.0
                ]
            ]
        },
        {
            "file_path": "color_scaled/118.jpg",
            "transform_matrix": [
                [
                    -0.942156,
                    0.037363,
                    -0.333087,
                    2.7181
                ],
                [
                    0.335166,
                    0.097308,
                    -0.937121,
                    3.220863
                ],
                [
                    -0.002602,
                    -0.994553,
                    -0.104202,
                    1.576153
                ],
                [
                    0.0,
                    0.0,
                    0.0,
                    1.0
                ]
            ]
        },
        {
            "file_path": "color_scaled/119.jpg",
            "transform_matrix": [
                [
                    -0.941756,
                    0.035087,
                    -0.334462,
                    2.71381
                ],
                [
                    0.336293,
                    0.092763,
                    -0.937178,
                    3.213756
                ],
                [
                    -0.001856,
                    -0.99507,
                    -0.09916,
                    1.586389
                ],
                [
                    0.0,
                    0.0,
                    0.0,
                    1.0
                ]
            ]
        },
        {
            "file_path": "color_scaled/120.jpg",
            "transform_matrix": [
                [
                    -0.941322,
                    0.026182,
                    -0.336492,
                    2.7155
                ],
                [
                    0.337467,
                    0.088714,
                    -0.937148,
                    3.204204
                ],
                [
                    0.005315,
                    -0.995713,
                    -0.092344,
                    1.58668
                ],
                [
                    0.0,
                    0.0,
                    0.0,
                    1.0
                ]
            ]
        },
        {
            "file_path": "color_scaled/121.jpg",
            "transform_matrix": [
                [
                    -0.941633,
                    0.022817,
                    -0.335866,
                    2.710403
                ],
                [
                    0.336559,
                    0.085689,
                    -0.937755,
                    3.19961
                ],
                [
                    0.007383,
                    -0.996061,
                    -0.088367,
                    1.59529
                ],
                [
                    0.0,
                    0.0,
                    0.0,
                    1.0
                ]
            ]
        },
        {
            "file_path": "color_scaled/122.jpg",
            "transform_matrix": [
                [
                    -0.942292,
                    0.017924,
                    -0.334313,
                    2.701256
                ],
                [
                    0.334632,
                    0.081389,
                    -0.938827,
                    3.195234
                ],
                [
                    0.010382,
                    -0.996521,
                    -0.08269,
                    1.601043
                ],
                [
                    0.0,
                    0.0,
                    0.0,
                    1.0
                ]
            ]
        },
        {
            "file_path": "color_scaled/123.jpg",
            "transform_matrix": [
                [
                    -0.942094,
                    0.01357,
                    -0.335074,
                    2.697421
                ],
                [
                    0.335142,
                    0.073165,
                    -0.939323,
                    3.190192
                ],
                [
                    0.011769,
                    -0.997227,
                    -0.073476,
                    1.597051
                ],
                [
                    0.0,
                    0.0,
                    0.0,
                    1.0
                ]
            ]
        },
        {
            "file_path": "color_scaled/124.jpg",
            "transform_matrix": [
                [
                    -0.94249,
                    0.015625,
                    -0.333869,
                    2.694019
                ],
                [
                    0.334114,
                    0.070854,
                    -0.939866,
                    3.184006
                ],
                [
                    0.00897,
                    -0.997364,
                    -0.072,
                    1.609281
                ],
                [
                    0.0,
                    0.0,
                    0.0,
                    1.0
                ]
            ]
        },
        {
            "file_path": "color_scaled/125.jpg",
            "transform_matrix": [
                [
                    -0.944003,
                    0.019367,
                    -0.329369,
                    2.688782
                ],
                [
                    0.329904,
                    0.069685,
                    -0.941439,
                    3.180136
                ],
                [
                    0.004719,
                    -0.997381,
                    -0.072172,
                    1.624183
                ],
                [
                    0.0,
                    0.0,
                    0.0,
                    1.0
                ]
            ]
        },
        {
            "file_path": "color_scaled/126.jpg",
            "transform_matrix": [
                [
                    -0.945229,
                    0.018173,
                    -0.325903,
                    2.690852
                ],
                [
                    0.326396,
                    0.061479,
                    -0.943232,
                    3.174665
                ],
                [
                    0.002895,
                    -0.997943,
                    -0.064043,
                    1.622349
                ],
                [
                    0.0,
                    0.0,
                    0.0,
                    1.0
                ]
            ]
        },
        {
            "file_path": "color_scaled/127.jpg",
            "transform_matrix": [
                [
                    -0.94745,
                    0.01937,
                    -0.319317,
                    2.687968
                ],
                [
                    0.319903,
                    0.059181,
                    -0.9456,
                    3.169033
                ],
                [
                    0.000582,
                    -0.998059,
                    -0.062267,
                    1.630395
                ],
                [
                    0.0,
                    0.0,
                    0.0,
                    1.0
                ]
            ]
        },
        {
            "file_path": "color_scaled/128.jpg",
            "transform_matrix": [
                [
                    -0.948518,
                    0.019183,
                    -0.316143,
                    2.692333
                ],
                [
                    0.316724,
                    0.059252,
                    -0.946665,
                    3.159804
                ],
                [
                    0.000572,
                    -0.998059,
                    -0.062277,
                    1.633554
                ],
                [
                    0.0,
                    0.0,
                    0.0,
                    1.0
                ]
            ]
        },
        {
            "file_path": "color_scaled/129.jpg",
            "transform_matrix": [
                [
                    -0.948958,
                    0.018894,
                    -0.314837,
                    2.693585
                ],
                [
                    0.315404,
                    0.057147,
                    -0.947235,
                    3.153944
                ],
                [
                    9.5e-05,
                    -0.998187,
                    -0.060189,
                    1.63979
                ],
                [
                    0.0,
                    0.0,
                    0.0,
                    1.0
                ]
            ]
        },
        {
            "file_path": "color_scaled/130.jpg",
            "transform_matrix": [
                [
                    -0.948182,
                    0.015965,
                    -0.317325,
                    2.698944
                ],
                [
                    0.317725,
                    0.050618,
                    -0.946831,
                    3.145746
                ],
                [
                    0.000947,
                    -0.99859,
                    -0.053068,
                    1.639148
                ],
                [
                    0.0,
                    0.0,
                    0.0,
                    1.0
                ]
            ]
        },
        {
            "file_path": "color_scaled/131.jpg",
            "transform_matrix": [
                [
                    -0.947918,
                    0.01387,
                    -0.318212,
                    2.697243
                ],
                [
                    0.31851,
                    0.046422,
                    -0.946782,
                    3.142562
                ],
                [
                    0.00164,
                    -0.998826,
                    -0.048422,
                    1.640936
                ],
                [
                    0.0,
                    0.0,
                    0.0,
                    1.0
                ]
            ]
        },
        {
            "file_path": "color_scaled/132.jpg",
            "transform_matrix": [
                [
                    -0.946945,
                    0.011498,
                    -0.32119,
                    2.699983
                ],
                [
                    0.321377,
                    0.044677,
                    -0.945897,
                    3.137685
                ],
                [
                    0.003474,
                    -0.998935,
                    -0.046002,
                    1.644447
                ],
                [
                    0.0,
                    0.0,
                    0.0,
                    1.0
                ]
            ]
        },
        {
            "file_path": "color_scaled/133.jpg",
            "transform_matrix": [
                [
                    -0.945944,
                    0.010252,
                    -0.324167,
                    2.706142
                ],
                [
                    0.324307,
                    0.041644,
                    -0.945035,
                    3.131984
                ],
                [
                    0.003811,
                    -0.99908,
                    -0.042717,
                    1.646373
                ],
                [
                    0.0,
                    0.0,
                    0.0,
                    1.0
                ]
            ]
        },
        {
            "file_path": "color_scaled/134.jpg",
            "transform_matrix": [
                [
                    -0.945843,
                    0.009648,
                    -0.324482,
                    2.713701
                ],
                [
                    0.324603,
                    0.039647,
                    -0.945019,
                    3.124563
                ],
                [
                    0.003748,
                    -0.999167,
                    -0.040632,
                    1.65356
                ],
                [
                    0.0,
                    0.0,
                    0.0,
                    1.0
                ]
            ]
        },
        {
            "file_path": "color_scaled/135.jpg",
            "transform_matrix": [
                [
                    -0.947681,
                    0.009573,
                    -0.319077,
                    2.7176
                ],
                [
                    0.319202,
                    0.039109,
                    -0.946879,
                    3.121719
                ],
                [
                    0.003414,
                    -0.999189,
                    -0.040119,
                    1.664897
                ],
                [
                    0.0,
                    0.0,
                    0.0,
                    1.0
                ]
            ]
        },
        {
            "file_path": "color_scaled/136.jpg",
            "transform_matrix": [
                [
                    -0.949624,
                    0.010532,
                    -0.313216,
                    2.727494
                ],
                [
                    0.31339,
                    0.036691,
                    -0.948916,
                    3.115502
                ],
                [
                    0.001498,
                    -0.999271,
                    -0.038144,
                    1.669457
                ],
                [
                    0.0,
                    0.0,
                    0.0,
                    1.0
                ]
            ]
        },
        {
            "file_path": "color_scaled/137.jpg",
            "transform_matrix": [
                [
                    -0.951864,
                    0.013318,
                    -0.306231,
                    2.740543
                ],
                [
                    0.306518,
                    0.036928,
                    -0.951148,
                    3.107576
                ],
                [
                    -0.001359,
                    -0.999229,
                    -0.039232,
                    1.677554
                ],
                [
                    0.0,
                    0.0,
                    0.0,
                    1.0
                ]
            ]
        },
        {
            "file_path": "color_scaled/138.jpg",
            "transform_matrix": [
                [
                    -0.95554,
                    0.015247,
                    -0.294466,
                    2.746888
                ],
                [
                    0.294841,
                    0.037983,
                    -0.954791,
                    3.102638
                ],
                [
                    -0.003373,
                    -0.999162,
                    -0.04079,
                    1.682992
                ],
                [
                    0.0,
                    0.0,
                    0.0,
                    1.0
                ]
            ]
        },
        {
            "file_path": "color_scaled/139.jpg",
            "transform_matrix": [
                [
                    -0.958918,
                    0.021101,
                    -0.282899,
                    2.761812
                ],
                [
                    0.283535,
                    0.03887,
                    -0.958174,
                    3.09323
                ],
                [
                    -0.009222,
                    -0.999021,
                    -0.043256,
                    1.682661
                ],
                [
                    0.0,
                    0.0,
                    0.0,
                    1.0
                ]
            ]
        },
        {
            "file_path": "color_scaled/140.jpg",
            "transform_matrix": [
                [
                    -0.963774,
                    0.017827,
                    -0.266125,
                    2.774393
                ],
                [
                    0.26661,
                    0.03549,
                    -0.963151,
                    3.084015
                ],
                [
                    -0.007725,
                    -0.999211,
                    -0.038957,
                    1.656204
                ],
                [
                    0.0,
                    0.0,
                    0.0,
                    1.0
                ]
            ]
        },
        {
            "file_path": "color_scaled/141.jpg",
            "transform_matrix": [
                [
                    -0.968084,
                    0.018357,
                    -0.249952,
                    2.787437
                ],
                [
                    0.250504,
                    0.039889,
                    -0.967293,
                    3.076217
                ],
                [
                    -0.007786,
                    -0.999035,
                    -0.043214,
                    1.656211
                ],
                [
                    0.0,
                    0.0,
                    0.0,
                    1.0
                ]
            ]
        },
        {
            "file_path": "color_scaled/142.jpg",
            "transform_matrix": [
                [
                    -0.970827,
                    0.015402,
                    -0.239288,
                    2.804929
                ],
                [
                    0.239727,
                    0.040806,
                    -0.969982,
                    3.070414
                ],
                [
                    -0.005175,
                    -0.999048,
                    -0.043307,
                    1.642604
                ],
                [
                    0.0,
                    0.0,
                    0.0,
                    1.0
                ]
            ]
        },
        {
            "file_path": "color_scaled/143.jpg",
            "transform_matrix": [
                [
                    -0.972388,
                    0.012268,
                    -0.233047,
                    2.818958
                ],
                [
                    0.233364,
                    0.043902,
                    -0.971398,
                    3.064129
                ],
                [
                    -0.001685,
                    -0.99896,
                    -0.045553,
                    1.634192
                ],
                [
                    0.0,
                    0.0,
                    0.0,
                    1.0
                ]
            ]
        },
        {
            "file_path": "color_scaled/144.jpg",
            "transform_matrix": [
                [
                    -0.972775,
                    0.007232,
                    -0.231641,
                    2.831236
                ],
                [
                    0.231725,
                    0.046005,
                    -0.971693,
                    3.058807
                ],
                [
                    0.003629,
                    -0.998915,
                    -0.046429,
                    1.621981
                ],
                [
                    0.0,
                    0.0,
                    0.0,
                    1.0
                ]
            ]
        },
        {
            "file_path": "color_scaled/145.jpg",
            "transform_matrix": [
                [
                    -0.971481,
                    0.007848,
                    -0.236987,
                    2.852291
                ],
                [
                    0.237063,
                    0.053396,
                    -0.970026,
                    3.049531
                ],
                [
                    0.005042,
                    -0.998542,
                    -0.053734,
                    1.618184
                ],
                [
                    0.0,
                    0.0,
                    0.0,
                    1.0
                ]
            ]
        },
        {
            "file_path": "color_scaled/146.jpg",
            "transform_matrix": [
                [
                    -0.971263,
                    0.010718,
                    -0.237766,
                    2.861725
                ],
                [
                    0.23798,
                    0.058714,
                    -0.969494,
                    3.042356
                ],
                [
                    0.003569,
                    -0.998217,
                    -0.059577,
                    1.606783
                ],
                [
                    0.0,
                    0.0,
                    0.0,
                    1.0
                ]
            ]
        },
        {
            "file_path": "color_scaled/147.jpg",
            "transform_matrix": [
                [
                    -0.971268,
                    0.012463,
                    -0.237663,
                    2.868996
                ],
                [
                    0.237976,
                    0.061215,
                    -0.96934,
                    3.038982
                ],
                [
                    0.002468,
                    -0.998047,
                    -0.062422,
                    1.594377
                ],
                [
                    0.0,
                    0.0,
                    0.0,
                    1.0
                ]
            ]
        },
        {
            "file_path": "color_scaled/148.jpg",
            "transform_matrix": [
                [
                    -0.971401,
                    0.015744,
                    -0.236923,
                    2.874464
                ],
                [
                    0.237445,
                    0.06621,
                    -0.969142,
                    3.035099
                ],
                [
                    0.000428,
                    -0.997681,
                    -0.068054,
                    1.584645
                ],
                [
                    0.0,
                    0.0,
                    0.0,
                    1.0
                ]
            ]
        },
        {
            "file_path": "color_scaled/149.jpg",
            "transform_matrix": [
                [
                    -0.97078,
                    0.021292,
                    -0.239024,
                    2.880744
                ],
                [
                    0.239952,
                    0.073754,
                    -0.967979,
                    3.02852
                ],
                [
                    -0.002981,
                    -0.997049,
                    -0.076708,
                    1.574717
                ],
                [
                    0.0,
                    0.0,
                    0.0,
                    1.0
                ]
            ]
        },
        {
            "file_path": "color_scaled/150.jpg",
            "transform_matrix": [
                [
                    -0.970975,
                    0.029479,
                    -0.237357,
                    2.875046
                ],
                [
                    0.239106,
                    0.094854,
                    -0.966349,
                    3.024214
                ],
                [
                    -0.005972,
                    -0.995055,
                    -0.099149,
                    1.586361
                ],
                [
                    0.0,
                    0.0,
                    0.0,
                    1.0
                ]
            ]
        },
        {
            "file_path": "color_scaled/151.jpg",
            "transform_matrix": [
                [
                    -0.969141,
                    0.037553,
                    -0.243632,
                    2.885659
                ],
                [
                    0.246309,
                    0.107721,
                    -0.963187,
                    3.017628
                ],
                [
                    -0.009926,
                    -0.993472,
                    -0.113646,
                    1.581287
                ],
                [
                    0.0,
                    0.0,
                    0.0,
                    1.0
                ]
            ]
        },
        {
            "file_path": "color_scaled/152.jpg",
            "transform_matrix": [
                [
                    -0.968127,
                    0.043247,
                    -0.246698,
                    2.892428
                ],
                [
                    0.250195,
                    0.12168,
                    -0.960519,
                    3.012687
                ],
                [
                    -0.011521,
                    -0.991627,
                    -0.128622,
                    1.571747
                ],
                [
                    0.0,
                    0.0,
                    0.0,
                    1.0
                ]
            ]
        },
        {
            "file_path": "color_scaled/153.jpg",
            "transform_matrix": [
                [
                    -0.968269,
                    0.044815,
                    -0.245859,
                    2.894216
                ],
                [
                    0.249797,
                    0.143951,
                    -0.957538,
                    3.004824
                ],
                [
                    -0.00752,
                    -0.988569,
                    -0.150578,
                    1.568265
                ],
                [
                    0.0,
                    0.0,
                    0.0,
                    1.0
                ]
            ]
        },
        {
            "file_path": "color_scaled/154.jpg",
            "transform_matrix": [
                [
                    -0.967546,
                    0.044818,
                    -0.24869,
                    2.909843
                ],
                [
                    0.252683,
                    0.16187,
                    -0.953913,
                    2.999694
                ],
                [
                    -0.002497,
                    -0.985794,
