{
    "fl_x": 288.79533185185187,
    "fl_y": 288.17409950617287,
    "cx": 159.57902320987654,
    "cy": 121.46346469135801,
    "w": 320,
    "h": 240,
    "camera_angle_x": 1.011857219071672,
    "camera_angle_y": 0.7891532209744062,
    "aabb_scale": 16,
    "scale": 1,
    "offset": [
        -6.5,
        -7.5,
        0
    ],
    "frames": [
        {
            "file_path": "color_scaled/900.jpg",
            "transform_matrix": [
                [
                    -0.78571,
                    -0.096504,
                    0.611021,
                    3.894357
                ],
                [
                    -0.618582,
                    0.12883,
                    -0.775086,
                    3.675531
                ],
                [
                    -0.003919,
                    -0.98696,
                    -0.160919,
                    1.537271
                ],
                [
                    0.0,
                    0.0,
                    0.0,
                    1.0
                ]
            ]
        },
        {
            "file_path": "color_scaled/901.jpg",
            "transform_matrix": [
                [
                    -0.788152,
                    -0.102349,
                    0.606911,
                    3.918589
                ],
                [
                    -0.615475,
                    0.13531,
                    -0.776455,
                    3.681077
                ],
                [
                    -0.002651,
                    -0.985503,
                    -0.169638,
                    1.52888
                ],
                [
                    0.0,
                    0.0,
                    0.0,
                    1.0
                ]
            ]
        },
        {
            "file_path": "color_scaled/902.jpg",
            "transform_matrix": [
                [
                    -0.78953,
                    -0.105762,
                    0.604531,
                    3.942534
                ],
                [
                    -0.613702,
                    0.141716,
                    -0.776715,
                    3.684148
                ],
                [
                    -0.003525,
                    -0.984241,
                    -0.176795,
                    1.522837
                ],
                [
                    0.0,
                    0.0,
                    0.0,
                    1.0
                ]
            ]
        },
        {
            "file_path": "color_scaled/903.jpg",
            "transform_matrix": [
                [
                    -0.789388,
                    -0.106695,
                    0.604552,
                    3.962165
                ],
                [
                    -0.613863,
                    0.147214,
                    -0.775564,
                    3.68346
                ],
                [
                    -0.00625,
                    -0.983333,
                    -0.181705,
                    1.518564
                ],
                [
                    0.0,
                    0.0,
                    0.0,
                    1.0
                ]
            ]
        },
        {
            "file_path": "color_scaled/904.jpg",
            "transform_matrix": [
                [
                    -0.790509,
                    -0.102681,
                    0.603781,
                    3.979066
                ],
                [
                    -0.612335,
                    0.151621,
                    -0.775923,
                    3.687063
                ],
                [
                    -0.011873,
                    -0.983091,
                    -0.182733,
                    1.510278
                ],
                [
                    0.0,
                    0.0,
                    0.0,
                    1.0
                ]
            ]
        },
        {
            "file_path": "color_scaled/905.jpg",
            "transform_matrix": [
                [
                    -0.790446,
                    -0.098939,
                    0.604488,
                    3.998144
                ],
                [
                    -0.612148,
                    0.162514,
                    -0.773863,
                    3.691201
                ],
                [
                    -0.021673,
                    -0.981733,
                    -0.189023,
                    1.503803
                ],
                [
                    0.0,
                    0.0,
                    0.0,
                    1.0
                ]
            ]
        },
        {
            "file_path": "color_scaled/906.jpg",
            "transform_matrix": [
                [
                    -0.78656,
                    -0.098859,
                    0.609549,
                    4.013618
                ],
                [
                    -0.6168,
                    0.173194,
                    -0.767829,
                    3.691643
                ],
                [
                    -0.029663,
                    -0.979913,
                    -0.197204,
                    1.505026
                ],
                [
                    0.0,
                    0.0,
                    0.0,
                    1.0
                ]
            ]
        },
        {
            "file_path": "color_scaled/907.jpg",
            "transform_matrix": [
                [
                    -0.785089,
                    -0.099275,
                    0.611375,
                    4.032246
                ],
                [
                    -0.618525,
                    0.177601,
                    -0.765431,
                    3.695734
                ],
                [
                    -0.032593,
                    -0.979082,
                    -0.200837,
                    1.497707
                ],
                [
                    0.0,
                    0.0,
                    0.0,
                    1.0
                ]
            ]
        },
        {
            "file_path": "color_scaled/908.jpg",
            "transform_matrix": [
                [
                    -0.78449,
                    -0.105578,
                    0.611089,
                    4.052726
                ],
                [
                    -0.619297,
                    0.184805,
                    -0.763098,
                    3.698679
                ],
                [
                    -0.032366,
                    -0.977087,
                    -0.210362,
                    1.495736
                ],
                [
                    0.0,
                    0.0,
                    0.0,
                    1.0
                ]
            ]
        },
        {
            "file_path": "color_scaled/909.jpg",
            "transform_matrix": [
                [
                    -0.781355,
                    -0.111622,
                    0.614023,
                    4.069746
                ],
                [
                    -0.623298,
                    0.189004,
                    -0.758799,
                    3.702404
                ],
                [
                    -0.031355,
                    -0.975611,
                    -0.217254,
                    1.495997
                ],
                [
                    0.0,
                    0.0,
                    0.0,
                    1.0
                ]
            ]
        },
        {
            "file_path": "color_scaled/910.jpg",
            "transform_matrix": [
                [
                    -0.778001,
                    -0.121433,
                    0.616416,
                    4.084766
                ],
                [
                    -0.627846,
                    0.186042,
                    -0.755776,
                    3.707066
                ],
                [
                    -0.022904,
                    -0.975009,
                    -0.220982,
                    1.495157
                ],
                [
                    0.0,
                    0.0,
                    0.0,
                    1.0
                ]
            ]
        },
        {
            "file_path": "color_scaled/911.jpg",
            "transform_matrix": [
                [
                    -0.773792,
                    -0.12611,
                    0.62076,
                    4.099624
                ],
                [
                    -0.633186,
                    0.181775,
                    -0.752352,
                    3.712554
                ],
                [
                    -0.01796,
                    -0.97522,
                    -0.220507,
                    1.485126
                ],
                [
                    0.0,
                    0.0,
                    0.0,
                    1.0
                ]
            ]
        },
        {
            "file_path": "color_scaled/912.jpg",
            "transform_matrix": [
                [
                    -0.772429,
                    -0.136652,
                    0.620225,
                    4.121138
                ],
                [
                    -0.635018,
                    0.181973,
                    -0.750758,
                    3.72155
                ],
                [
                    -0.010272,
                    -0.973762,
                    -0.227338,
                    1.48053
                ],
                [
                    0.0,
                    0.0,
                    0.0,
                    1.0
                ]
            ]
        },
        {
            "file_path": "color_scaled/913.jpg",
            "transform_matrix": [
                [
                    -0.772681,
                    -0.145816,
                    0.61782,
                    4.135929
                ],
                [
                    -0.634775,
                    0.185211,
                    -0.750172,
                    3.728256
                ],
                [
                    -0.00504,
                    -0.97182,
                    -0.235669,
                    1.479919
                ],
                [
                    0.0,
                    0.0,
                    0.0,
                    1.0
                ]
            ]
        },
        {
            "file_path": "color_scaled/914.jpg",
            "transform_matrix": [
                [
                    -0.777037,
                    -0.15221,
                    0.610775,
                    4.157484
                ],
                [
                    -0.629455,
                    0.187725,
                    -0.75402,
                    3.73527
                ],
                [
                    0.000112,
                    -0.970356,
                    -0.241679,
                    1.479791
                ],
                [
                    0.0,
                    0.0,
                    0.0,
                    1.0
                ]
            ]
        },
        {
            "file_path": "color_scaled/915.jpg",
            "transform_matrix": [
                [
                    -0.781548,
                    -0.155682,
                    0.604107,
                    4.172976
                ],
                [
                    -0.623827,
                    0.18777,
                    -0.758671,
                    3.745041
                ],
                [
                    0.004678,
                    -0.969797,
                    -0.24387,
                    1.476729
                ],
                [
                    0.0,
                    0.0,
                    0.0,
                    1.0
                ]
            ]
        },
        {
            "file_path": "color_scaled/916.jpg",
            "transform_matrix": [
                [
                    -0.785874,
                    -0.159029,
                    0.597589,
                    4.188646
                ],
                [
                    -0.618302,
                    0.18604,
                    -0.763605,
                    3.752854
                ],
                [
                    0.01026,
                    -0.969587,
                    -0.244532,
                    1.474993
                ],
                [
                    0.0,
                    0.0,
                    0.0,
                    1.0
                ]
            ]
        },
        {
            "file_path": "color_scaled/917.jpg",
            "transform_matrix": [
                [
                    -0.792029,
                    -0.160325,
                    0.589055,
                    4.204638
                ],
                [
                    -0.610285,
                    0.18332,
                    -0.770679,
                    3.764375
                ],
                [
                    0.015574,
                    -0.969891,
                    -0.243039,
                    1.471289
                ],
                [
                    0.0,
                    0.0,
                    0.0,
                    1.0
                ]
            ]
        },
        {
            "file_path": "color_scaled/918.jpg",
            "transform_matrix": [
                [
                    -0.802341,
                    -0.162065,
                    0.574442,
                    4.22743
                ],
                [
                    -0.596439,
                    0.181333,
                    -0.781907,
                    3.78159
                ],
                [
                    0.022554,
                    -0.969976,
                    -0.242152,
                    1.465017
                ],
                [
                    0.0,
                    0.0,
                    0.0,
                    1.0
                ]
            ]
        },
        {
            "file_path": "color_scaled/919.jpg",
            "transform_matrix": [
                [
                    -0.810313,
                    -0.162996,
                    0.562873,
                    4.240409
                ],
                [
                    -0.585396,
                    0.181629,
                    -0.790141,
                    3.793158
                ],
                [
                    0.026556,
                    -0.969764,
                    -0.242594,
                    1.460975
                ],
                [
                    0.0,
                    0.0,
                    0.0,
                    1.0
                ]
            ]
        },
        {
            "file_path": "color_scaled/920.jpg",
            "transform_matrix": [
                [
                    -0.819208,
                    -0.15993,
                    0.550745,
                    4.252723
                ],
                [
                    -0.572917,
                    0.185088,
                    -0.798441,
                    3.804646
                ],
                [
                    0.025758,
                    -0.969621,
                    -0.243252,
                    1.459922
                ],
                [
                    0.0,
                    0.0,
                    0.0,
                    1.0
                ]
            ]
        },
        {
            "file_path": "color_scaled/921.jpg",
            "transform_matrix": [
                [
                    -0.825805,
                    -0.157527,
                    0.541509,
                    4.265365
                ],
                [
                    -0.563293,
                    0.183835,
                    -0.805547,
                    3.822662
                ],
                [
                    0.027347,
                    -0.970252,
                    -0.240545,
                    1.447002
                ],
                [
                    0.0,
                    0.0,
                    0.0,
                    1.0
                ]
            ]
        },
        {
            "file_path": "color_scaled/922.jpg",
            "transform_matrix": [
                [
                    -0.829509,
                    -0.157345,
                    0.53587,
                    4.277123
                ],
                [
                    -0.557897,
                    0.189151,
                    -0.808067,
                    3.837279
                ],
                [
                    0.025785,
                    -0.96926,
                    -0.244685,
                    1.440714
                ],
                [
                    0.0,
                    0.0,
                    0.0,
                    1.0
                ]
            ]
        },
        {
            "file_path": "color_scaled/923.jpg",
            "transform_matrix": [
                [
                    -0.833056,
                    -0.160237,
                    0.529473,
                    4.297463
                ],
                [
                    -0.552578,
                    0.196111,
                    -0.81006,
                    3.861678
                ],
                [
                    0.025966,
                    -0.967401,
                    -0.251915,
                    1.432285
                ],
                [
                    0.0,
                    0.0,
                    0.0,
                    1.0
                ]
            ]
        },
        {
            "file_path": "color_scaled/924.jpg",
            "transform_matrix": [
                [
                    -0.832528,
                    -0.167374,
                    0.528094,
                    4.30411
                ],
                [
                    -0.553413,
                    0.208031,
                    -0.806509,
                    3.881982
                ],
                [
                    0.025129,
                    -0.963696,
                    -0.265818,
                    1.426277
                ],
                [
                    0.0,
                    0.0,
                    0.0,
                    1.0
                ]
            ]
        },
        {
            "file_path": "color_scaled/925.jpg",
            "transform_matrix": [
                [
                    -0.835408,
                    -0.177966,
                    0.52002,
                    4.325799
                ],
                [
                    -0.548878,
                    0.220674,
                    -0.806248,
                    3.903133
                ],
                [
                    0.02873,
                    -0.958974,
                    -0.282035,
                    1.428629
                ],
                [
                    0.0,
                    0.0,
                    0.0,
                    1.0
                ]
            ]
        },
        {
            "file_path": "color_scaled/926.jpg",
            "transform_matrix": [
                [
                    -0.837842,
                    -0.183405,
                    0.514182,
                    4.337452
                ],
                [
                    -0.544984,
                    0.226096,
                    -0.807386,
                    3.921118
                ],
                [
                    0.031824,
                    -0.956683,
                    -0.289386,
                    1.428646
                ],
                [
                    0.0,
                    0.0,
                    0.0,
                    1.0
                ]
            ]
        },
        {
            "file_path": "color_scaled/927.jpg",
            "transform_matrix": [
                [
                    -0.842667,
                    -0.187066,
                    0.504895,
                    4.352683
                ],
                [
                    -0.537227,
                    0.229316,
                    -0.811666,
                    3.939954
                ],
                [
                    0.036055,
                    -0.955207,
                    -0.293734,
                    1.420433
                ],
                [
                    0.0,
                    0.0,
                    0.0,
                    1.0
                ]
            ]
        },
        {
            "file_path": "color_scaled/928.jpg",
            "transform_matrix": [
                [
                    -0.849128,
                    -0.191883,
                    0.492099,
                    4.369934
                ],
                [
                    -0.526802,
                    0.240255,
                    -0.815327,
                    3.956769
                ],
                [
                    0.038219,
                    -0.951556,
                    -0.305092,
                    1.41879
                ],
                [
                    0.0,
                    0.0,
                    0.0,
                    1.0
                ]
            ]
        },
        {
            "file_path": "color_scaled/929.jpg",
            "transform_matrix": [
                [
                    -0.854964,
                    -0.193263,
                    0.481338,
                    4.388415
                ],
                [
                    -0.517344,
                    0.250999,
                    -0.818141,
                    3.969538
                ],
                [
                    0.037301,
                    -0.948498,
                    -0.314579,
                    1.424523
                ],
                [
                    0.0,
                    0.0,
                    0.0,
                    1.0
                ]
            ]
        },
        {
            "file_path": "color_scaled/930.jpg",
            "transform_matrix": [
                [
                    -0.862533,
                    -0.187963,
                    0.469795,
                    4.411705
                ],
                [
                    -0.504896,
                    0.258356,
                    -0.823609,
                    3.985175
                ],
                [
                    0.033434,
                    -0.947587,
                    -0.317742,
                    1.431124
                ],
                [
                    0.0,
                    0.0,
                    0.0,
                    1.0
                ]
            ]
        },
        {
            "file_path": "color_scaled/931.jpg",
            "transform_matrix": [
                [
                    -0.866689,
                    -0.18342,
                    0.463904,
                    4.42393
                ],
                [
                    -0.49788,
                    0.260124,
                    -0.827315,
                    3.999819
                ],
                [
                    0.031073,
                    -0.947994,
                    -0.316768,
                    1.428637
                ],
                [
                    0.0,
                    0.0,
                    0.0,
                    1.0
                ]
            ]
        },
        {
            "file_path": "color_scaled/932.jpg",
            "transform_matrix": [
                [
                    -0.87138,
                    -0.180604,
                    0.456157,
                    4.44062
                ],
                [
                    -0.489621,
                    0.26117,
                    -0.831902,
                    4.011681
                ],
                [
                    0.031111,
                    -0.948247,
                    -0.316006,
                    1.425884
                ],
                [
                    0.0,
                    0.0,
                    0.0,
                    1.0
                ]
            ]
        },
        {
            "file_path": "color_scaled/933.jpg",
            "transform_matrix": [
                [
                    -0.876124,
                    -0.176585,
                    0.448581,
                    4.454751
                ],
                [
                    -0.481159,
                    0.262619,
                    -0.836371,
                    4.022761
                ],
                [
                    0.029884,
                    -0.948604,
                    -0.315052,
                    1.423388
                ],
                [
                    0.0,
                    0.0,
                    0.0,
                    1.0
                ]
            ]
        },
        {
            "file_path": "color_scaled/934.jpg",
            "transform_matrix": [
                [
                    -0.880982,
                    -0.174598,
                    0.439756,
                    4.470495
                ],
                [
                    -0.472154,
                    0.264151,
                    -0.841008,
                    4.029555
                ],
                [
                    0.030676,
                    -0.948546,
                    -0.315149,
                    1.422962
                ],
                [
                    0.0,
                    0.0,
                    0.0,
                    1.0
                ]
            ]
        },
        {
            "file_path": "color_scaled/935.jpg",
            "transform_matrix": [
                [
                    -0.88748,
                    -0.173219,
                    0.427052,
                    4.49298
                ],
                [
                    -0.459505,
                    0.261996,
                    -0.848653,
                    4.039567
                ],
                [
                    0.035117,
                    -0.949396,
                    -0.312112,
                    1.422186
                ],
                [
                    0.0,
                    0.0,
                    0.0,
                    1.0
                ]
            ]
        },
        {
            "file_path": "color_scaled/936.jpg",
            "transform_matrix": [
                [
                    -0.891681,
                    -0.170158,
                    0.419464,
                    4.506244
                ],
                [
                    -0.451038,
                    0.255528,
                    -0.855143,
                    4.047898
                ],
                [
                    0.038324,
                    -0.95171,
                    -0.304598,
                    1.41586
                ],
                [
                    0.0,
                    0.0,
                    0.0,
                    1.0
                ]
            ]
        },
        {
            "file_path": "color_scaled/937.jpg",
            "transform_matrix": [
                [
                    -0.896953,
                    -0.168137,
                    0.408907,
                    4.52897
                ],
                [
                    -0.440159,
                    0.252446,
                    -0.861702,
                    4.059812
                ],
                [
                    0.041657,
                    -0.952891,
                    -0.300439,
                    1.408809
                ],
                [
                    0.0,
                    0.0,
                    0.0,
                    1.0
                ]
            ]
        },
        {
            "file_path": "color_scaled/938.jpg",
            "transform_matrix": [
                [
                    -0.900333,
                    -0.16601,
                    0.402296,
                    4.54628
                ],
                [
                    -0.433156,
                    0.252289,
                    -0.865289,
                    4.066636
                ],
                [
                    0.042152,
                    -0.953305,
                    -0.299053,
                    1.404996
                ],
                [
                    0.0,
                    0.0,
                    0.0,
                    1.0
                ]
            ]
        },
        {
            "file_path": "color_scaled/939.jpg",
            "transform_matrix": [
                [
                    -0.903572,
                    -0.164313,
                    0.395676,
                    4.564728
                ],
                [
                    -0.42623,
                    0.251127,
                    -0.869059,
                    4.073631
                ],
                [
                    0.043433,
                    -0.953906,
                    -0.296946,
                    1.398662
                ],
                [
                    0.0,
                    0.0,
                    0.0,
                    1.0
                ]
            ]
        },
        {
            "file_path": "color_scaled/940.jpg",
            "transform_matrix": [
                [
                    -0.908611,
                    -0.159324,
                    0.386058,
                    4.585699
                ],
                [
                    -0.415614,
                    0.253947,
                    -0.87337,
                    4.080332
                ],
                [
                    0.04111,
                    -0.954006,
                    -0.296957,
                    1.394075
                ],
                [
                    0.0,
                    0.0,
                    0.0,
                    1.0
                ]
            ]
        },
        {
            "file_path": "color_scaled/941.jpg",
            "transform_matrix": [
                [
                    -0.913617,
                    -0.149606,
                    0.37805,
                    4.602853
                ],
                [
                    -0.405157,
                    0.257401,
                    -0.877264,
                    4.082512
                ],
                [
                    0.033934,
                    -0.954653,
                    -0.29578,
                    1.390266
                ],
                [
                    0.0,
                    0.0,
                    0.0,
                    1.0
                ]
            ]
        },
        {
            "file_path": "color_scaled/942.jpg",
            "transform_matrix": [
                [
                    -0.918507,
                    -0.138537,
                    0.370342,
                    4.621501
                ],
                [
                    -0.394569,
                    0.260252,
                    -0.88124,
                    4.087506
                ],
                [
                    0.025702,
                    -0.95555,
                    -0.293706,
                    1.386427
                ],
                [
                    0.0,
                    0.0,
                    0.0,
                    1.0
                ]
            ]
        },
        {
            "file_path": "color_scaled/943.jpg",
            "transform_matrix": [
                [
                    -0.923285,
                    -0.127608,
                    0.3623,
                    4.641519
                ],
                [
                    -0.383725,
                    0.263844,
                    -0.884953,
                    4.092018
                ],
                [
                    0.017337,
                    -0.956087,
                    -0.292569,
                    1.382343
                ],
                [
                    0.0,
                    0.0,
                    0.0,
                    1.0
                ]
            ]
        },
        {
            "file_path": "color_scaled/944.jpg",
            "transform_matrix": [
                [
                    -0.927472,
                    -0.122736,
                    0.353173,
                    4.659658
                ],
                [
                    -0.373572,
                    0.265132,
                    -0.888903,
                    4.097946
                ],
                [
                    0.015463,
                    -0.956369,
                    -0.291753,
                    1.374503
                ],
                [
                    0.0,
                    0.0,
                    0.0,
                    1.0
                ]
            ]
        },
        {
            "file_path": "color_scaled/945.jpg",
            "transform_matrix": [
                [
                    -0.932483,
                    -0.127137,
                    0.338099,
                    4.679507
                ],
                [
                    -0.360573,
                    0.271934,
                    -0.89221,
                    4.102243
                ],
                [
                    0.021492,
                    -0.953881,
                    -0.299416,
                    1.365883
                ],
                [
                    0.0,
                    0.0,
                    0.0,
                    1.0
                ]
            ]
        },
        {
            "file_path": "color_scaled/946.jpg",
            "transform_matrix": [
                [
                    -0.940706,
                    -0.128936,
                    0.313764,
                    4.705808
                ],
                [
                    -0.338266,
                    0.287081,
                    -0.896192,
                    4.10126
                ],
                [
                    0.025476,
                    -0.949189,
                    -0.313673,
                    1.36342
                ],
                [
                    0.0,
                    0.0,
                    0.0,
                    1.0
                ]
            ]
        },
        {
            "file_path": "color_scaled/947.jpg",
            "transform_matrix": [
                [
                    -0.950359,
                    -0.121302,
                    0.286536,
                    4.727973
                ],
                [
                    -0.310332,
                    0.302602,
                    -0.90118,
                    4.099404
                ],
                [
                    0.022609,
                    -0.945367,
                    -0.325224,
                    1.365259
                ],
                [
                    0.0,
                    0.0,
                    0.0,
                    1.0
                ]
            ]
        },
        {
            "file_path": "color_scaled/948.jpg",
            "transform_matrix": [
                [
                    -0.957577,
                    -0.113433,
                    0.264914,
                    4.745851
                ],
                [
                    -0.287554,
                    0.315656,
                    -0.904253,
                    4.101283
                ],
                [
                    0.01895,
                    -0.942069,
                    -0.334883,
                    1.36497
                ],
                [
                    0.0,
                    0.0,
                    0.0,
                    1.0
                ]
            ]
        },
        {
            "file_path": "color_scaled/949.jpg",
            "transform_matrix": [
                [
                    -0.963636,
                    -0.103408,
                    0.246398,
                    4.766545
                ],
                [
                    -0.266899,
                    0.327466,
                    -0.906384,
                    4.099665
                ],
                [
                    0.01304,
                    -0.939187,
                    -0.343157,
                    1.369531
                ],
                [
                    0.0,
                    0.0,
                    0.0,
                    1.0
                ]
            ]
        },
        {
            "file_path": "color_scaled/950.jpg",
            "transform_matrix": [
                [
                    -0.969403,
                    -0.09327,
                    0.227065,
                    4.800547
                ],
                [
                    -0.245309,
                    0.334094,
                    -0.910058,
                    4.103048
                ],
                [
                    0.00902,
                    -0.937914,
                    -0.346751,
                    1.373106
                ],
                [
                    0.0,
                    0.0,
                    0.0,
                    1.0
                ]
            ]
        },
        {
            "file_path": "color_scaled/951.jpg",
            "transform_matrix": [
                [
                    -0.972115,
                    -0.087573,
                    0.217539,
                    4.817841
                ],
                [
                    -0.234395,
                    0.334529,
                    -0.91277,
                    4.103509
                ],
                [
                    0.007161,
                    -0.938308,
                    -0.345727,
                    1.376311
                ],
                [
                    0.0,
                    0.0,
                    0.0,
                    1.0
                ]
            ]
        },
        {
            "file_path": "color_scaled/952.jpg",
            "transform_matrix": [
                [
                    -0.975526,
                    -0.084425,
                    0.203029,
                    4.838693
                ],
                [
                    -0.219622,
                    0.329143,
                    -0.918385,
                    4.108519
                ],
                [
                    0.010709,
                    -0.940498,
                    -0.33963,
                    1.372782
                ],
                [
                    0.0,
                    0.0,
                    0.0,
                    1.0
                ]
            ]
        },
        {
            "file_path": "color_scaled/953.jpg",
            "transform_matrix": [
                [
                    -0.981926,
                    -0.079456,
                    0.171778,
                    4.885577
                ],
                [
                    -0.188465,
                    0.327153,
                    -0.925987,
                    4.119468
                ],
                [
                    0.017377,
                    -0.941625,
                    -0.336215,
                    1.367667
                ],
                [
                    0.0,
                    0.0,
                    0.0,
                    1.0
                ]
            ]
        },
        {
            "file_path": "color_scaled/954.jpg",
            "transform_matrix": [
                [
                    -0.984162,
                    -0.077926,
                    0.159224,
                    4.911217
                ],
                [
                    -0.176035,
                    0.323746,
                    -0.929623,
                    4.126211
                ],
                [
